!
!Last update: 03-AUG-2012 (FACET)
!Prev update: 14-OCT-2010 (Pre-FACET, pre-LCLS-II)
!
!---- ---- ---- ---  --- ------- -------  --- ------- -------  --- ------- -------  --- ------- -------  ------- -------  -----
!PRIM MICR UNIT nLK      "a" SECTION          "b" SECTION          "c" SECTION          "d" SECTION           TOTAL       NOTES
!                    PWR  LENGTH  ENERGY  PWR  LENGTH  ENERGY  PWR  LENGTH  ENERGY  PWR  LENGTH  ENERGY   LENGTH  ENERGY
!---- ---- ---- ---  --- ------- -------  --- ------- -------  --- ------- -------  --- ------- -------  ------- -------  -----
!
 KLYS LI02   21  12    0  0.0      0.0      0  0.0      0.0     50  2.8692  78.311   50  2.8692  78.311   5.7384 156.623   1   
 KLYS LI02   11  11   50  2.8692  78.311   50  2.8692  78.311    0  0.0      0.0      0  0.0      0.0     5.7384 156.623   1   
 KLYS LI02   31  13    0  0.0      0.0      0  0.0      0.0     50  2.8692  78.311   50  2.8692  78.311   5.7384 156.623   1   
 KLYS LI02   41  14   25  2.8692  55.374   25  2.8692  55.374   25  2.8692  55.374   25  3.0441  58.750  11.6517 224.873       
 KLYS LI02   51  15   25  2.8692  55.374   25  2.8692  55.374   25  2.8692  55.374   25  3.0441  58.750  11.6517 224.873       
 KLYS LI02   61  16   25  2.8692  55.374   25  2.8692  55.374   25  2.8692  55.374   25  3.0441  58.750  11.6517 224.873       
 KLYS LI02   71  17   25  2.8692  55.374   25  2.8692  55.374   25  2.8692  55.374   25  3.0441  58.750  11.6517 224.873       
 KLYS LI02   81  18   25  2.8692  55.374   25  2.8692  55.374   25  2.8692  55.374   25  3.0441  58.750  11.6517 224.873       
!                                                                                                                              
 KLYS LI03   11  19   25  3.0441  58.750   25  2.8692  55.374   25  3.0441  58.750   25  3.0441  58.750  12.0015 231.624       
 KLYS LI03   21  20   25  3.0441  58.750   25  2.8692  55.374   25  3.0441  58.750   25  3.0441  58.750  12.0015 231.624       
 KLYS LI03   31  21   25  3.0441  58.750   25  2.8692  55.374   25  3.0441  58.750   25  3.0441  58.750  12.0015 231.624       
 KLYS LI03   41  22   25  3.0441  58.750   25  2.8692  55.374   25  3.0441  58.750   25  3.0441  58.750  12.0015 231.624       
 KLYS LI03   51  23   25  3.0441  58.750   25  2.8692  55.374   25  3.0441  58.750   25  3.0441  58.750  12.0015 231.624       
 KLYS LI03   61  24   25  3.0441  58.750   25  2.8692  55.374   25  3.0441  58.750   25  3.0441  58.750  12.0015 231.624       
 KLYS LI03   71  25   25  3.0441  58.750   25  2.8692  55.374   25  3.0441  58.750   25  3.0441  58.750  12.0015 231.624       
 KLYS LI03   81  26   25  3.0441  58.750   25  2.8692  55.374   25  3.0441  58.750   25  3.0441  58.750  12.0015 231.624       
!                                                                                                                              
 KLYS LI04   11  27   50  3.0441  83.085   50  2.8692  78.311    0  0.0      0.0      0  0.0      0.0     5.9133 161.396   2   
 KLYS LI04   21  28    0  0.0      0.0      0  0.0      0.0     50  3.0441  83.085   50  3.0441  83.085   6.0882 166.170   2   
 KLYS LI04   31  29   25  3.0441  58.750   25  2.8692  55.374   25  3.0441  58.750   25  3.0441  58.750  12.0015 231.624       
 KLYS LI04   41  30   25  3.0441  58.750   25  2.8692  55.374   25  3.0441  58.750   25  3.0441  58.750  12.0015 231.624       
 KLYS LI04   51  31   25  3.0441  58.750   25  2.8692  55.374   25  3.0441  58.750   25  3.0441  58.750  12.0015 231.624       
 KLYS LI04   61  32   25  3.0441  58.750   25  2.8692  55.374   25  3.0441  58.750   25  3.0441  58.750  12.0015 231.624       
 KLYS LI04   71  33   25  3.0441  58.750   25  2.8692  55.374   25  3.0441  58.750   25  3.0441  58.750  12.0015 231.624       
 KLYS LI04   81  34   25  3.0441  58.750   25  2.8692  55.374   25  3.0441  58.750   25  3.0441  58.750  12.0015 231.624       
!                                                                                                                              
 KLYS LI05   11  35   25  3.0441  58.750   25  3.0441  58.750   25  3.0441  58.750   25  3.0441  58.750  12.1764 235.000       
 KLYS LI05   21  36   25  3.0441  58.750   25  3.0441  58.750   25  3.0441  58.750   25  3.0441  58.750  12.1764 235.000       
 KLYS LI05   31  37   25  3.0441  58.750   25  3.0441  58.750   25  3.0441  58.750   25  3.0441  58.750  12.1764 235.000       
 KLYS LI05   41  38   25  3.0441  58.750   25  3.0441  58.750   25  3.0441  58.750   25  3.0441  58.750  12.1764 235.000       
 KLYS LI05   51  39   25  3.0441  58.750   25  3.0441  58.750   25  3.0441  58.750   25  3.0441  58.750  12.1764 235.000       
 KLYS LI05   61  40   25  3.0441  58.750   25  3.0441  58.750   25  3.0441  58.750   25  3.0441  58.750  12.1764 235.000       
 KLYS LI05   71  41   25  3.0441  58.750   25  3.0441  58.750   25  3.0441  58.750   25  3.0441  58.750  12.1764 235.000       
 KLYS LI05   81  42   25  3.0441  58.750   25  3.0441  58.750   25  3.0441  58.750   25  3.0441  58.750  12.1764 235.000       
!                                                                                                                              
 KLYS LI06   11  43   25  3.0441  58.750   25  3.0441  58.750   25  3.0441  58.750   25  3.0441  58.750  12.1764 235.000       
 KLYS LI06   21  44   25  3.0441  58.750   25  3.0441  58.750   25  3.0441  58.750   25  3.0441  58.750  12.1764 235.000       
 KLYS LI06   31  45   25  3.0441  58.750   25  3.0441  58.750   25  3.0441  58.750   25  3.0441  58.750  12.1764 235.000       
 KLYS LI06   41  46   25  3.0441  58.750   25  3.0441  58.750   25  3.0441  58.750   25  3.0441  58.750  12.1764 235.000       
 KLYS LI06   51  47   25  3.0441  58.750   25  3.0441  58.750   25  3.0441  58.750   25  3.0441  58.750  12.1764 235.000       
 KLYS LI06   61  48   25  3.0441  58.750   25  3.0441  58.750   25  3.0441  58.750   25  3.0441  58.750  12.1764 235.000       
 KLYS LI06   71  49   25  3.0441  58.750   25  3.0441  58.750   25  3.0441  58.750   25  3.0441  58.750  12.1764 235.000       
 KLYS LI06   81  50   25  3.0441  58.750   25  3.0441  58.750   25  3.0441  58.750   25  3.0441  58.750  12.1764 235.000       
!                                                                                                                              
 KLYS LI07   11  51   25  3.0441  58.750   25  3.0441  58.750   25  3.0441  58.750   25  3.0441  58.750  12.1764 235.000       
 KLYS LI07   21  52   25  3.0441  58.750   25  3.0441  58.750   25  3.0441  58.750   25  3.0441  58.750  12.1764 235.000       
 KLYS LI07   31  53   25  3.0441  58.750   25  3.0441  58.750   25  3.0441  58.750   25  3.0441  58.750  12.1764 235.000       
 KLYS LI07   41  54   25  3.0441  58.750   25  3.0441  58.750   25  3.0441  58.750   25  3.0441  58.750  12.1764 235.000       
 KLYS LI07   51  55   25  3.0441  58.750   25  3.0441  58.750   25  3.0441  58.750   25  3.0441  58.750  12.1764 235.000       
 KLYS LI07   61  56   25  3.0441  58.750   25  3.0441  58.750   25  3.0441  58.750   25  3.0441  58.750  12.1764 235.000       
 KLYS LI07   71  57   25  3.0441  58.750   25  3.0441  58.750   25  3.0441  58.750   25  3.0441  58.750  12.1764 235.000       
 KLYS LI07   81  58   25  3.0441  58.750   25  3.0441  58.750   25  3.0441  58.750   25  3.0441  58.750  12.1764 235.000       
!                                                                                                                              
 KLYS LI08   11  59   25  3.0441  58.750   25  3.0441  58.750   25  3.0441  58.750   25  3.0441  58.750  12.1764 235.000       
 KLYS LI08   21  60   25  3.0441  58.750   25  3.0441  58.750   25  3.0441  58.750   25  3.0441  58.750  12.1764 235.000       
 KLYS LI08   31  61   25  3.0441  58.750   25  3.0441  58.750   25  3.0441  58.750   25  3.0441  58.750  12.1764 235.000       
 KLYS LI08   41  62   25  3.0441  58.750   25  3.0441  58.750   25  3.0441  58.750   25  3.0441  58.750  12.1764 235.000       
 KLYS LI08   51  63   25  3.0441  58.750   25  3.0441  58.750   25  3.0441  58.750   25  3.0441  58.750  12.1764 235.000       
 KLYS LI08   61  64   25  3.0441  58.750   25  3.0441  58.750   25  3.0441  58.750   25  3.0441  58.750  12.1764 235.000       
 KLYS LI08   71  65   25  3.0441  58.750   25  3.0441  58.750   25  3.0441  58.750   25  3.0441  58.750  12.1764 235.000       
 KLYS LI08   81  66   25  3.0441  58.750   25  3.0441  58.750   25  3.0441  58.750   25  3.0441  58.750  12.1764 235.000       
!                                                                                                                              
 KLYS LI09   11  67   25  3.0441  58.750   25  3.0441  58.750   25  3.0441  58.750   25  3.0441  58.750  12.1764 235.000       
 KLYS LI09   21  68   25  3.0441  58.750   25  3.0441  58.750   25  3.0441  58.750   25  3.0441  58.750  12.1764 235.000       
 KLYS LI09   31  69   25  3.0441  58.750   25  3.0441  58.750   25  3.0441  58.750   25  3.0441  58.750  12.1764 235.000       
 KLYS LI09   41  70   25  3.0441  58.750   25  3.0441  58.750   25  3.0441  58.750   25  3.0441  58.750  12.1764 235.000       
 KLYS LI09   51  71   25  3.0441  58.750   25  3.0441  58.750   25  3.0441  58.750   25  3.0441  58.750  12.1764 235.000       
 KLYS LI09   61  72   25  3.0441  58.750   25  3.0441  58.750   25  3.0441  58.750   25  3.0441  58.750  12.1764 235.000       
 KLYS LI09   71  73   25  3.0441  58.750   25  3.0441  58.750   25  3.0441  58.750   25  3.0441  58.750  12.1764 235.000       
 KLYS LI09   81  74   25  3.0441  58.750   25  3.0441  58.750   25  3.0441  58.750   25  3.0441  58.750  12.1764 235.000       
!                                                                                                                              
 KLYS LI10   11  75   50  3.0441  83.085   50  3.0441  83.085    0  0.0      0.0      0  0.0      0.0     6.0882 166.170       
 KLYS LI10   21  76   25  3.0441  58.750   25  3.0441  58.750   25  3.0441  58.750   25  3.0441  58.750  12.1764 235.000       
 KLYS LI10   31  77   50  3.0441  83.085   50  3.0441  83.085    0  0.0      0.0      0  0.0      0.0     6.0882 166.170   3   
 KLYS LI10   41  78    0  0.0      0.0      0  0.0      0.0     50  3.0441  83.085   50  3.0441  83.085   6.0882 166.170   3   
 KLYS LI10   51  79   25  3.0441  58.750   25  3.0441  58.750   25  3.0441  58.750   25  3.0441  58.750  12.1764 235.000       
 KLYS LI10   61  80   25  3.0441  58.750   25  3.0441  58.750   25  3.0441  58.750   25  3.0441  58.750  12.1764 235.000       
 KLYS LI10   71  81   25  3.0441  58.750   25  3.0441  58.750   25  3.0441  58.750   25  3.0441  58.750  12.1764 235.000       
 KLYS LI10   81  82    0  0.0      0.0      0  0.0      0.0      0  0.0      0.0      0  0.0      0.0     0.0      0.0     4   
!                                                                                                                              
 KLYS LI11   11  83    0  0.0      0.0     50  3.0441  83.085   25  3.0441  58.750   25  3.0441  58.750   9.1323 200.585   5   
 KLYS LI11   21  84   25  3.0441  58.750   25  3.0441  58.750   25  3.0441  58.750   25  3.0441  58.750  12.1764 235.000       
 KLYS LI11   22  85    0  0.0      0.0      0  0.0      0.0      0  0.0      0.0      0  0.6298   0.0     0.6298   0.0     6   
 KLYS LI11   31  86    0  0.0      0.0      0  3.0441   0.0      0  3.0441   0.0      0  0.0      0.0     6.0882   0.0     6   
 KLYS LI11   41  87   25  2.1694  41.869   25  2.1694  41.869   25  3.0441  58.750   25  2.1694  41.869   9.5523 184.356       
 KLYS LI11   51  88   25  3.0441  58.750   25  2.1694  41.869   25  3.0441  58.750   25  3.0441  58.750  11.3017 218.119       
 KLYS LI11   61  89   25  2.1694  41.869   25  3.0441  58.750   25  3.0441  58.750   25  2.1694  41.869  10.4270 201.237       
 KLYS LI11   71  90   25  3.0441  58.750   25  3.0441  58.750   25  3.0441  58.750   25  2.1694  41.869  11.3017 218.119       
 KLYS LI11   81  91   25  3.0441  58.750   25  3.0441  58.750   25  3.0441  58.750   25  3.0441  58.750  12.1764 235.000       
!                                                                                                                              
 KLYS LI12   11  92   25  3.0441  58.750   25  3.0441  58.750   25  3.0441  58.750   25  3.0441  58.750  12.1764 235.000       
 KLYS LI12   21  93   25  2.1694  41.869   25  3.0441  58.750   25  3.0441  58.750   25  3.0441  58.750  11.3017 218.119       
 KLYS LI12   31  94   25  3.0441  58.750   25  3.0441  58.750   25  3.0441  58.750   25  3.0441  58.750  12.1764 235.000       
 KLYS LI12   41  95   25  3.0441  58.750   25  3.0441  58.750   25  3.0441  58.750   25  3.0441  58.750  12.1764 235.000       
 KLYS LI12   51  96   25  3.0441  58.750   25  3.0441  58.750   25  3.0441  58.750   25  3.0441  58.750  12.1764 235.000       
 KLYS LI12   61  97   25  3.0441  58.750   25  3.0441  58.750   25  3.0441  58.750   25  3.0441  58.750  12.1764 235.000       
 KLYS LI12   71  98   25  3.0441  58.750   25  3.0441  58.750   25  3.0441  58.750   25  3.0441  58.750  12.1764 235.000       
 KLYS LI12   81  99   25  3.0441  58.750   25  3.0441  58.750   25  3.0441  58.750   25  3.0441  58.750  12.1764 235.000       
!                                                                                                                              
 KLYS LI13   11 100   25  3.0441  58.750   25  3.0441  58.750   25  3.0441  58.750   25  3.0441  58.750  12.1764 235.000       
 KLYS LI13   21 101   25  3.0441  58.750   25  3.0441  58.750   25  3.0441  58.750   25  3.0441  58.750  12.1764 235.000       
 KLYS LI13   31 102   25  3.0441  58.750   25  3.0441  58.750   25  3.0441  58.750   25  3.0441  58.750  12.1764 235.000       
 KLYS LI13   41 103   25  3.0441  58.750   25  3.0441  58.750   25  3.0441  58.750   25  3.0441  58.750  12.1764 235.000       
 KLYS LI13   51 104   25  3.0441  58.750   25  3.0441  58.750   25  3.0441  58.750   25  3.0441  58.750  12.1764 235.000       
 KLYS LI13   61 105   25  3.0441  58.750   25  3.0441  58.750   25  3.0441  58.750   25  3.0441  58.750  12.1764 235.000       
 KLYS LI13   71 106   25  3.0441  58.750   25  3.0441  58.750   25  3.0441  58.750   25  3.0441  58.750  12.1764 235.000       
 KLYS LI13   81 107   25  3.0441  58.750   25  3.0441  58.750   25  3.0441  58.750   25  3.0441  58.750  12.1764 235.000       
!                                                                                                                              
 KLYS LI14   11 108   25  3.0441  58.750   25  3.0441  58.750   25  3.0441  58.750   25  3.0441  58.750  12.1764 235.000       
 KLYS LI14   21 109   25  3.0441  58.750   25  3.0441  58.750   25  3.0441  58.750   25  3.0441  58.750  12.1764 235.000       
 KLYS LI14   31 110   25  3.0441  58.750   25  3.0441  58.750   25  3.0441  58.750   25  3.0441  58.750  12.1764 235.000       
 KLYS LI14   41 111   25  3.0441  58.750   25  3.0441  58.750   25  3.0441  58.750   25  3.0441  58.750  12.1764 235.000       
 KLYS LI14   51 112   25  3.0441  58.750   25  3.0441  58.750   25  3.0441  58.750   25  3.0441  58.750  12.1764 235.000       
 KLYS LI14   61 113   25  3.0441  58.750   25  3.0441  58.750   25  3.0441  58.750   25  3.0441  58.750  12.1764 235.000       
 KLYS LI14   71 114   25  3.0441  58.750   25  3.0441  58.750   25  3.0441  58.750   25  3.0441  58.750  12.1764 235.000       
 KLYS LI14   81 115   25  3.0441  58.750   25  3.0441  58.750   25  3.0441  58.750   25  3.0441  58.750  12.1764 235.000       
!                                                                                                                              
 KLYS LI15   11 116   25  3.0441  58.750   25  3.0441  58.750   25  3.0441  58.750   25  3.0441  58.750  12.1764 235.000       
 KLYS LI15   21 117   25  3.0441  58.750   25  3.0441  58.750   25  3.0441  58.750   25  3.0441  58.750  12.1764 235.000       
 KLYS LI15   31 118   25  3.0441  58.750   25  3.0441  58.750   25  3.0441  58.750   25  3.0441  58.750  12.1764 235.000       
 KLYS LI15   41 119   25  3.0441  58.750   25  3.0441  58.750   25  3.0441  58.750   25  3.0441  58.750  12.1764 235.000       
 KLYS LI15   51 120   25  3.0441  58.750   25  3.0441  58.750   25  3.0441  58.750   25  3.0441  58.750  12.1764 235.000       
 KLYS LI15   61 121   25  3.0441  58.750   25  3.0441  58.750   25  3.0441  58.750   25  3.0441  58.750  12.1764 235.000       
 KLYS LI15   71 122   25  3.0441  58.750   25  3.0441  58.750   25  3.0441  58.750   25  3.0441  58.750  12.1764 235.000       
 KLYS LI15   81 123   25  3.0441  58.750   25  3.0441  58.750   25  3.0441  58.750   25  3.0441  58.750  12.1764 235.000       
!                                                                                                                              
 KLYS LI16   11 124   25  3.0441  58.750   25  3.0441  58.750   25  3.0441  58.750   25  3.0441  58.750  12.1764 235.000       
 KLYS LI16   21 125   25  3.0441  58.750   25  3.0441  58.750   25  3.0441  58.750   25  3.0441  58.750  12.1764 235.000       
 KLYS LI16   31 126   25  3.0441  58.750   25  3.0441  58.750   25  3.0441  58.750   25  3.0441  58.750  12.1764 235.000       
 KLYS LI16   41 127   25  3.0441  58.750   25  3.0441  58.750   25  3.0441  58.750   25  3.0441  58.750  12.1764 235.000       
 KLYS LI16   51 128   25  3.0441  58.750   25  3.0441  58.750   25  3.0441  58.750   25  3.0441  58.750  12.1764 235.000       
 KLYS LI16   61 129   25  3.0441  58.750   25  3.0441  58.750   25  3.0441  58.750   25  3.0441  58.750  12.1764 235.000       
 KLYS LI16   71 130   25  3.0441  58.750   25  3.0441  58.750   25  3.0441  58.750   25  3.0441  58.750  12.1764 235.000       
 KLYS LI16   81 131   25  3.0441  58.750   25  3.0441  58.750   25  3.0441  58.750   25  3.0441  58.750  12.1764 235.000       
!                                                                                                                              
 KLYS LI17   11 132   25  3.0441  58.750   25  3.0441  58.750   25  3.0441  58.750   25  3.0441  58.750  12.1764 235.000       
 KLYS LI17   21 133   25  3.0441  58.750   25  3.0441  58.750   25  3.0441  58.750   25  3.0441  58.750  12.1764 235.000       
 KLYS LI17   31 134   25  3.0441  58.750   25  3.0441  58.750   25  3.0441  58.750   25  3.0441  58.750  12.1764 235.000       
 KLYS LI17   41 135   25  3.0441  58.750   25  3.0441  58.750   25  3.0441  58.750   25  3.0441  58.750  12.1764 235.000       
 KLYS LI17   51 136   25  3.0441  58.750   25  3.0441  58.750   25  3.0441  58.750   25  3.0441  58.750  12.1764 235.000       
 KLYS LI17   61 137   25  3.0441  58.750   25  3.0441  58.750   25  3.0441  58.750   25  3.0441  58.750  12.1764 235.000       
 KLYS LI17   71 138   25  3.0441  58.750   25  3.0441  58.750   25  3.0441  58.750   25  3.0441  58.750  12.1764 235.000       
 KLYS LI17   81 139   25  3.0441  58.750   25  3.0441  58.750   25  3.0441  58.750   25  3.0441  58.750  12.1764 235.000       
!                                                                                                                              
 KLYS LI18   11 140   25  3.0441  58.750   25  3.0441  58.750   25  3.0441  58.750   25  3.0441  58.750  12.1764 235.000       
 KLYS LI18   21 141   25  3.0441  58.750   25  3.0441  58.750   25  3.0441  58.750   25  3.0441  58.750  12.1764 235.000       
 KLYS LI18   31 142   25  3.0441  58.750   25  3.0441  58.750   25  3.0441  58.750   25  3.0441  58.750  12.1764 235.000       
 KLYS LI18   41 143   25  3.0441  58.750   25  3.0441  58.750   25  3.0441  58.750   25  3.0441  58.750  12.1764 235.000       
 KLYS LI18   51 144   25  3.0441  58.750   25  3.0441  58.750   25  3.0441  58.750   25  3.0441  58.750  12.1764 235.000       
 KLYS LI18   61 145   25  3.0441  58.750   25  3.0441  58.750   25  3.0441  58.750   25  3.0441  58.750  12.1764 235.000       
 KLYS LI18   71 146   25  3.0441  58.750   25  3.0441  58.750   25  3.0441  58.750   25  3.0441  58.750  12.1764 235.000       
 KLYS LI18   81 147   25  3.0441  58.750   25  3.0441  58.750   25  3.0441  58.750   25  3.0441  58.750  12.1764 235.000       
!                                                                                                                              
 KLYS LI19   11 148   25  3.0441  58.750   25  3.0441  58.750   25  3.0441  58.750   25  3.0441  58.750  12.1764 235.000       
 KLYS LI19   21 149   25  3.0441  58.750   25  3.0441  58.750   25  3.0441  58.750   25  3.0441  58.750  12.1764 235.000       
 KLYS LI19   31 150   25  3.0441  58.750   25  3.0441  58.750   25  3.0441  58.750   25  3.0441  58.750  12.1764 235.000       
 KLYS LI19   41 151   25  3.0441  58.750   25  3.0441  58.750   25  3.0441  58.750   25  2.1694  41.869  11.3017 218.119       
 KLYS LI19   51 152   25  3.0441  58.750   25  3.0441  58.750   25  3.0441  58.750   25  3.0441  58.750  12.1764 235.000       
 KLYS LI19   61 153   25  3.0441  58.750   25  3.0441  58.750   25  3.0441  58.750   25  3.0441  58.750  12.1764 235.000       
 KLYS LI19   71  -     0  0.0      0.0      0  0.0      0.0      0  0.0      0.0      0  0.0      0.0     0.0      0.0         
 KLYS LI19   81 154   25  3.0441  58.750   25  3.0441  58.750   25  3.0441  58.750   25  3.0441  58.750  12.1764 235.000       
!
!---- ---- ---- ---  --- ------- -------  --- ------- -------  --- ------- -------  --- ------- -------  ------- -------  -----
!
!NOTES:
!
!  a) standard disk-loaded waveguide (DLWG) structure lengths:
!
!     "10   foot" (29     s-band wavelengths; 87 DLWG cavities) = 3.0441 m
!     " 9.4 foot" (27 1/3 s-band wavelengths; 82 DLWG cavities) = 2.8692 m
!     " 7   foot" (20 2/3 s-band wavelengths; 62 DLWG cavities) = 2.1694 m
!
!  b) Nominal energy gradient for structures fed 25% of the power of a 50 MW SLEDed klystron is [235/12.1764] MeV/m,
!     or 58.750 MeV per standard 10' structure (Seeman); nominal energy gradient for structures fed 25% of the power of
!     a 50 MW unSLEDed klystron is [235/12.1764/1.78] MeV/m, or 33.006 MeV per standard 10' structure (SLED multiplication
!     factor is 1.78 for 10' structures ... Hoag)
!  c) "nLK" column gives ordinal position in LIN_KLYS DGRP list
!
!  1) klystron/modulator 2-2 feeds 2-2c,d (9.4' structures)
!     klystron/modulator 2-1 feeds 2-3a,b (9.4' structures)
!     klystron/modulator 2-3 feeds 2-3c,d (9.4' structures)
!  2) -- PEP2 LER extraction --
!     klystron/modulator 4-1 feeds 4-1a,b (10' and 9.4' structures);
!     4-1c,d and 4-2a,b structures removed;
!     klystron/modulator 4-2 feeds 4-2c,d (10' structures)
!  3) -- PEP2 HER extraction --
!     klystron/modulator 10-3 feeds 10-3a,b (10' structures);
!     klystron/modulator 10-4 feeds 10-3c,d (10' structures);
!     10-4a,b,c,d structures removed
!  4) 10-8a,b,c,d structures removed (LBCC chicane)
!  5) energy gradient not constant over all structures due to unbalanced power feed
!  6) old e+ capture/compression section ... not used
