  0.0000000e+000  2.6443000e+014
  5.0000000e-007  2.6219076e+014
  1.0000000e-006  2.6013127e+014
  1.5000000e-006  2.5824191e+014
  2.0000000e-006  2.5651303e+014
  2.5000000e-006  2.5493499e+014
  3.0000000e-006  2.5349815e+014
  3.5000000e-006  2.5219287e+014
  4.0000000e-006  2.5100952e+014
  4.5000000e-006  2.4993844e+014
  5.0000000e-006  2.4897000e+014
  5.5000000e-006  2.4809456e+014
  6.0000000e-006  2.4730248e+014
  6.5000000e-006  2.4658413e+014
  7.0000000e-006  2.4592985e+014
  7.5000000e-006  2.4533001e+014
  8.0000000e-006  2.4477497e+014
  8.5000000e-006  2.4425509e+014
  9.0000000e-006  2.4376073e+014
  9.5000000e-006  2.4328224e+014
  1.5000000e-005  2.3817000e+014
  2.0000000e-005  2.3432000e+014
  2.5000000e-005  2.3097000e+014
  3.0000000e-005  2.2798000e+014
  3.5000000e-005  2.2526000e+014
  4.0000000e-005  2.2276000e+014
  4.5000000e-005  2.2043000e+014
  5.0000000e-005  2.1824000e+014
  5.5000000e-005  2.1618000e+014
  6.0000000e-005  2.1423000e+014
  6.5000000e-005  2.1237000e+014
  7.0000000e-005  2.1059000e+014
  7.5000000e-005  2.0889000e+014
  8.0000000e-005  2.0726000e+014
  8.5000000e-005  2.0569000e+014
  9.0000000e-005  2.0417000e+014
  9.5000000e-005  2.0270000e+014
  1.0000000e-004  2.0129000e+014
  1.0500000e-004  1.9991000e+014
  1.1000000e-004  1.9858000e+014
  1.1500000e-004  1.9728000e+014
  1.2000000e-004  1.9602000e+014
  1.2500000e-004  1.9479000e+014
  1.3000000e-004  1.9360000e+014
  1.3500000e-004  1.9243000e+014
  1.4000000e-004  1.9129000e+014
  1.4500000e-004  1.9017000e+014
  1.5000000e-004  1.8909000e+014
  1.5500000e-004  1.8802000e+014
  1.6000000e-004  1.8698000e+014
  1.6500000e-004  1.8596000e+014
  1.7000000e-004  1.8496000e+014
  1.7500000e-004  1.8398000e+014
  1.8000000e-004  1.8301000e+014
  1.8500000e-004  1.8207000e+014
  1.9000000e-004  1.8114000e+014
  1.9500000e-004  1.8023000e+014
  2.0000000e-004  1.7933000e+014
  2.0500000e-004  1.7846000e+014
  2.1000000e-004  1.7759000e+014
  2.1500000e-004  1.7674000e+014
  2.2000000e-004  1.7590000e+014
  2.2500000e-004  1.7508000e+014
  2.3000000e-004  1.7427000e+014
  2.3500000e-004  1.7347000e+014
  2.4000000e-004  1.7268000e+014
  2.4500000e-004  1.7191000e+014
  2.5000000e-004  1.7114000e+014
  2.5500000e-004  1.7039000e+014
  2.6000000e-004  1.6965000e+014
  2.6500000e-004  1.6891000e+014
  2.7000000e-004  1.6819000e+014
  2.7500000e-004  1.6748000e+014
  2.8000000e-004  1.6678000e+014
  2.8500000e-004  1.6608000e+014
  2.9000000e-004  1.6540000e+014
  2.9500000e-004  1.6472000e+014
  3.0000000e-004  1.6405000e+014
  3.0500000e-004  1.6339000e+014
  3.1000000e-004  1.6274000e+014
  3.1500000e-004  1.6210000e+014
  3.2000000e-004  1.6146000e+014
  3.2500000e-004  1.6083000e+014
  3.3000000e-004  1.6021000e+014
  3.3500000e-004  1.5960000e+014
  3.4000000e-004  1.5899000e+014
  3.4500000e-004  1.5839000e+014
  3.5000000e-004  1.5780000e+014
  3.5500000e-004  1.5721000e+014
  3.6000000e-004  1.5663000e+014
  3.6500000e-004  1.5606000e+014
  3.7000000e-004  1.5549000e+014
  3.7500000e-004  1.5493000e+014
  3.8000000e-004  1.5437000e+014
  3.8500000e-004  1.5382000e+014
  3.9000000e-004  1.5328000e+014
  3.9500000e-004  1.5274000e+014
  4.0000000e-004  1.5221000e+014
  4.0500000e-004  1.5168000e+014
  4.1000000e-004  1.5115000e+014
  4.1500000e-004  1.5063000e+014
  4.2000000e-004  1.5012000e+014
  4.2500000e-004  1.4961000e+014
  4.3000000e-004  1.4911000e+014
  4.3500000e-004  1.4861000e+014
  4.4000000e-004  1.4812000e+014
  4.4500000e-004  1.4763000e+014
  4.5000000e-004  1.4715000e+014
  4.5500000e-004  1.4667000e+014
  4.6000000e-004  1.4619000e+014
  4.6500000e-004  1.4572000e+014
  4.7000000e-004  1.4525000e+014
  4.7500000e-004  1.4479000e+014
  4.8000000e-004  1.4433000e+014
  4.8500000e-004  1.4387000e+014
  4.9000000e-004  1.4343000e+014
  4.9500000e-004  1.4298000e+014
  5.0000000e-004  1.4253000e+014
  5.0500000e-004  1.4209000e+014
  5.1000000e-004  1.4166000e+014
  5.1500000e-004  1.4123000e+014
  5.2000000e-004  1.4080000e+014
  5.2500000e-004  1.4037000e+014
  5.3000000e-004  1.3995000e+014
  5.3500000e-004  1.3953000e+014
  5.4000000e-004  1.3912000e+014
  5.4500000e-004  1.3871000e+014
  5.5000000e-004  1.3830000e+014
  5.5500000e-004  1.3790000e+014
  5.6000000e-004  1.3750000e+014
  5.6500000e-004  1.3710000e+014
  5.7000000e-004  1.3670000e+014
  5.7500000e-004  1.3631000e+014
  5.8000000e-004  1.3592000e+014
  5.8500000e-004  1.3554000e+014
  5.9000000e-004  1.3515000e+014
  5.9500000e-004  1.3477000e+014
  6.0000000e-004  1.3439000e+014
  6.0500000e-004  1.3402000e+014
  6.1000000e-004  1.3365000e+014
  6.1500000e-004  1.3328000e+014
  6.2000000e-004  1.3291000e+014
  6.2500000e-004  1.3255000e+014
  6.3000000e-004  1.3219000e+014
  6.3500000e-004  1.3183000e+014
  6.4000000e-004  1.3148000e+014
  6.4500000e-004  1.3112000e+014
  6.5000000e-004  1.3077000e+014
  6.5500000e-004  1.3042000e+014
  6.6000000e-004  1.3008000e+014
  6.6500000e-004  1.2973000e+014
  6.7000000e-004  1.2939000e+014
  6.7500000e-004  1.2905000e+014
  6.8000000e-004  1.2872000e+014
  6.8500000e-004  1.2839000e+014
  6.9000000e-004  1.2805000e+014
  6.9500000e-004  1.2772000e+014
  7.0000000e-004  1.2740000e+014
  7.0500000e-004  1.2707000e+014
  7.1000000e-004  1.2675000e+014
  7.1500000e-004  1.2643000e+014
  7.2000000e-004  1.2611000e+014
  7.2500000e-004  1.2579000e+014
  7.3000000e-004  1.2548000e+014
  7.3500000e-004  1.2517000e+014
  7.4000000e-004  1.2485000e+014
  7.4500000e-004  1.2455000e+014
  7.5000000e-004  1.2424000e+014
  7.5500000e-004  1.2393000e+014
  7.6000000e-004  1.2363000e+014
  7.6500000e-004  1.2333000e+014
  7.7000000e-004  1.2303000e+014
  7.7500000e-004  1.2273000e+014
  7.8000000e-004  1.2244000e+014
  7.8500000e-004  1.2215000e+014
  7.9000000e-004  1.2185000e+014
  7.9500000e-004  1.2156000e+014
  8.0000000e-004  1.2127000e+014
  8.0500000e-004  1.2099000e+014
  8.1000000e-004  1.2070000e+014
  8.1500000e-004  1.2042000e+014
  8.2000000e-004  1.2014000e+014
  8.2500000e-004  1.1986000e+014
  8.3000000e-004  1.1958000e+014
  8.3500000e-004  1.1930000e+014
  8.4000000e-004  1.1903000e+014
  8.4500000e-004  1.1875000e+014
  8.5000000e-004  1.1848000e+014
  8.5500000e-004  1.1821000e+014
  8.6000000e-004  1.1794000e+014
  8.6500000e-004  1.1767000e+014
  8.7000000e-004  1.1741000e+014
  8.7500000e-004  1.1714000e+014
  8.8000000e-004  1.1688000e+014
  8.8500000e-004  1.1662000e+014
  8.9000000e-004  1.1636000e+014
  8.9500000e-004  1.1610000e+014
  9.0000000e-004  1.1584000e+014
  9.0500000e-004  1.1559000e+014
  9.1000000e-004  1.1533000e+014
  9.1500000e-004  1.1508000e+014
  9.2000000e-004  1.1483000e+014
  9.2500000e-004  1.1458000e+014
  9.3000000e-004  1.1433000e+014
  9.3500000e-004  1.1408000e+014
  9.4000000e-004  1.1383000e+014
  9.4500000e-004  1.1359000e+014
  9.5000000e-004  1.1334000e+014
  9.5500000e-004  1.1310000e+014
  9.6000000e-004  1.1286000e+014
  9.6500000e-004  1.1261000e+014
  9.7000000e-004  1.1238000e+014
  9.7500000e-004  1.1214000e+014
  9.8000000e-004  1.1190000e+014
  9.8500000e-004  1.1166000e+014
  9.9000000e-004  1.1143000e+014
  9.9500000e-004  1.1119000e+014
  1.0000000e-003  1.1096000e+014
  1.0050000e-003  1.1073000e+014
  1.0100000e-003  1.1050000e+014
  1.0150000e-003  1.1027000e+014
  1.0200000e-003  1.1004000e+014
  1.0250000e-003  1.0981000e+014
  1.0300000e-003  1.0959000e+014
  1.0350000e-003  1.0936000e+014
  1.0400000e-003  1.0914000e+014
  1.0450000e-003  1.0892000e+014
  1.0500000e-003  1.0869000e+014
  1.0550000e-003  1.0847000e+014
  1.0600000e-003  1.0825000e+014
  1.0650000e-003  1.0803000e+014
  1.0700000e-003  1.0782000e+014
  1.0750000e-003  1.0760000e+014
  1.0800000e-003  1.0738000e+014
  1.0850000e-003  1.0717000e+014
  1.0900000e-003  1.0695000e+014
  1.0950000e-003  1.0674000e+014
  1.1000000e-003  1.0653000e+014
  1.1050000e-003  1.0631000e+014
  1.1100000e-003  1.0610000e+014
  1.1150000e-003  1.0589000e+014
  1.1200000e-003  1.0569000e+014
  1.1250000e-003  1.0548000e+014
  1.1300000e-003  1.0527000e+014
  1.1350000e-003  1.0506000e+014
  1.1400000e-003  1.0486000e+014
  1.1450000e-003  1.0465000e+014
  1.1500000e-003  1.0445000e+014
  1.1550000e-003  1.0424000e+014
  1.1600000e-003  1.0404000e+014
  1.1650000e-003  1.0384000e+014
  1.1700000e-003  1.0364000e+014
  1.1750000e-003  1.0344000e+014
  1.1800000e-003  1.0324000e+014
  1.1850000e-003  1.0304000e+014
  1.1900000e-003  1.0284000e+014
  1.1950000e-003  1.0265000e+014
  1.2000000e-003  1.0245000e+014
  1.2050000e-003  1.0225000e+014
  1.2100000e-003  1.0206000e+014
  1.2150000e-003  1.0187000e+014
  1.2200000e-003  1.0167000e+014
  1.2250000e-003  1.0148000e+014
  1.2300000e-003  1.0129000e+014
  1.2350000e-003  1.0109000e+014
  1.2400000e-003  1.0091000e+014
  1.2450000e-003  1.0071000e+014
  1.2500000e-003  1.0053000e+014
  1.2550000e-003  1.0034000e+014
  1.2600000e-003  1.0015000e+014
  1.2650000e-003  9.9963000e+013
  1.2700000e-003  9.9774000e+013
  1.2750000e-003  9.9589000e+013
  1.2800000e-003  9.9403000e+013
  1.2850000e-003  9.9220000e+013
  1.2900000e-003  9.9034000e+013
  1.2950000e-003  9.8851000e+013
  1.3000000e-003  9.8669000e+013
  1.3050000e-003  9.8486000e+013
  1.3100000e-003  9.8306000e+013
  1.3150000e-003  9.8123000e+013
  1.3200000e-003  9.7943000e+013
  1.3250000e-003  9.7763000e+013
  1.3300000e-003  9.7583000e+013
  1.3350000e-003  9.7406000e+013
  1.3400000e-003  9.7226000e+013
  1.3450000e-003  9.7049000e+013
  1.3500000e-003  9.6871000e+013
  1.3550000e-003  9.6697000e+013
  1.3600000e-003  9.6520000e+013
  1.3650000e-003  9.6346000e+013
  1.3700000e-003  9.6171000e+013
  1.3750000e-003  9.5997000e+013
  1.3800000e-003  9.5823000e+013
  1.3850000e-003  9.5649000e+013
  1.3900000e-003  9.5477000e+013
  1.3950000e-003  9.5303000e+013
  1.4000000e-003  9.5131000e+013
  1.4050000e-003  9.4963000e+013
  1.4100000e-003  9.4791000e+013
  1.4150000e-003  9.4620000e+013
  1.4200000e-003  9.4451000e+013
  1.4250000e-003  9.4283000e+013
  1.4300000e-003  9.4114000e+013
  1.4350000e-003  9.3946000e+013
  1.4400000e-003  9.3777000e+013
  1.4450000e-003  9.3611000e+013
  1.4500000e-003  9.3446000e+013
  1.4550000e-003  9.3277000e+013
  1.4600000e-003  9.3111000e+013
  1.4650000e-003  9.2949000e+013
  1.4700000e-003  9.2783000e+013
  1.4750000e-003  9.2617000e+013
  1.4800000e-003  9.2454000e+013
  1.4850000e-003  9.2291000e+013
  1.4900000e-003  9.2129000e+013
  1.4950000e-003  9.1966000e+013
  1.5000000e-003  9.1803000e+013
  1.5050000e-003  9.1643000e+013
  1.5100000e-003  9.1483000e+013
  1.5150000e-003  9.1320000e+013
  1.5200000e-003  9.1160000e+013
  1.5250000e-003  9.1000000e+013
  1.5300000e-003  9.0843000e+013
  1.5350000e-003  9.0683000e+013
  1.5400000e-003  9.0523000e+013
  1.5450000e-003  9.0366000e+013
  1.5500000e-003  9.0209000e+013
  1.5550000e-003  9.0051000e+013
  1.5600000e-003  8.9894000e+013
  1.5650000e-003  8.9737000e+013
  1.5700000e-003  8.9583000e+013
  1.5750000e-003  8.9426000e+013
  1.5800000e-003  8.9271000e+013
  1.5850000e-003  8.9117000e+013
  1.5900000e-003  8.8963000e+013
  1.5950000e-003  8.8809000e+013
  1.6000000e-003  8.8654000e+013
  1.6050000e-003  8.8503000e+013
  1.6100000e-003  8.8349000e+013
  1.6150000e-003  8.8197000e+013
  1.6200000e-003  8.8046000e+013
  1.6250000e-003  8.7894000e+013
  1.6300000e-003  8.7743000e+013
  1.6350000e-003  8.7591000e+013
  1.6400000e-003  8.7440000e+013
  1.6450000e-003  8.7291000e+013
  1.6500000e-003  8.7143000e+013
  1.6550000e-003  8.6991000e+013
  1.6600000e-003  8.6843000e+013
  1.6650000e-003  8.6694000e+013
  1.6700000e-003  8.6546000e+013
  1.6750000e-003  8.6400000e+013
  1.6800000e-003  8.6251000e+013
  1.6850000e-003  8.6106000e+013
  1.6900000e-003  8.5957000e+013
  1.6950000e-003  8.5811000e+013
  1.7000000e-003  8.5666000e+013
  1.7050000e-003  8.5520000e+013
  1.7100000e-003  8.5374000e+013
  1.7150000e-003  8.5231000e+013
  1.7200000e-003  8.5086000e+013
  1.7250000e-003  8.4943000e+013
  1.7300000e-003  8.4797000e+013
  1.7350000e-003  8.4654000e+013
  1.7400000e-003  8.4511000e+013
  1.7450000e-003  8.4369000e+013
  1.7500000e-003  8.4229000e+013
  1.7550000e-003  8.4086000e+013
  1.7600000e-003  8.3943000e+013
  1.7650000e-003  8.3803000e+013
  1.7700000e-003  8.3663000e+013
  1.7750000e-003  8.3520000e+013
  1.7800000e-003  8.3380000e+013
  1.7850000e-003  8.3240000e+013
  1.7900000e-003  8.3103000e+013
  1.7950000e-003  8.2963000e+013
  1.8000000e-003  8.2823000e+013
  1.8050000e-003  8.2686000e+013
  1.8100000e-003  8.2549000e+013
  1.8150000e-003  8.2409000e+013
  1.8200000e-003  8.2271000e+013
  1.8250000e-003  8.2134000e+013
  1.8300000e-003  8.1997000e+013
  1.8350000e-003  8.1863000e+013
  1.8400000e-003  8.1726000e+013
  1.8450000e-003  8.1591000e+013
  1.8500000e-003  8.1454000e+013
  1.8550000e-003  8.1320000e+013
  1.8600000e-003  8.1186000e+013
  1.8650000e-003  8.1051000e+013
  1.8700000e-003  8.0917000e+013
  1.8750000e-003  8.0783000e+013
  1.8800000e-003  8.0649000e+013
  1.8850000e-003  8.0517000e+013
  1.8900000e-003  8.0386000e+013
  1.8950000e-003  8.0251000e+013
  1.9000000e-003  8.0120000e+013
  1.9050000e-003  7.9989000e+013
  1.9100000e-003  7.9857000e+013
  1.9150000e-003  7.9726000e+013
  1.9200000e-003  7.9594000e+013
  1.9250000e-003  7.9466000e+013
  1.9300000e-003  7.9334000e+013
  1.9350000e-003  7.9206000e+013
  1.9400000e-003  7.9077000e+013
  1.9450000e-003  7.8946000e+013
  1.9500000e-003  7.8817000e+013
  1.9550000e-003  7.8689000e+013
  1.9600000e-003  7.8563000e+013
  1.9650000e-003  7.8434000e+013
  1.9700000e-003  7.8306000e+013
  1.9750000e-003  7.8180000e+013
  1.9800000e-003  7.8054000e+013
  1.9850000e-003  7.7926000e+013
  1.9900000e-003  7.7800000e+013
  1.9950000e-003  7.7674000e+013
  2.0000000e-003  7.7549000e+013
  2.0050000e-003  7.7426000e+013
  2.0100000e-003  7.7300000e+013
  2.0150000e-003  7.7174000e+013
  2.0200000e-003  7.7051000e+013
  2.0250000e-003  7.6929000e+013
  2.0300000e-003  7.6803000e+013
  2.0350000e-003  7.6680000e+013
  2.0400000e-003  7.6557000e+013
  2.0450000e-003  7.6434000e+013
  2.0500000e-003  7.6314000e+013
  2.0550000e-003  7.6191000e+013
  2.0600000e-003  7.6069000e+013
  2.0650000e-003  7.5949000e+013
  2.0700000e-003  7.5829000e+013
  2.0750000e-003  7.5709000e+013
  2.0800000e-003  7.5586000e+013
  2.0850000e-003  7.5466000e+013
  2.0900000e-003  7.5349000e+013
  2.0950000e-003  7.5229000e+013
  2.1000000e-003  7.5109000e+013
  2.1050000e-003  7.4991000e+013
  2.1100000e-003  7.4871000e+013
  2.1150000e-003  7.4754000e+013
  2.1200000e-003  7.4637000e+013
  2.1250000e-003  7.4520000e+013
  2.1300000e-003  7.4403000e+013
  2.1350000e-003  7.4286000e+013
  2.1400000e-003  7.4169000e+013
  2.1450000e-003  7.4054000e+013
  2.1500000e-003  7.3937000e+013
  2.1550000e-003  7.3823000e+013
  2.1600000e-003  7.3706000e+013
  2.1650000e-003  7.3591000e+013
  2.1700000e-003  7.3477000e+013
  2.1750000e-003  7.3363000e+013
  2.1800000e-003  7.3249000e+013
  2.1850000e-003  7.3137000e+013
  2.1900000e-003  7.3023000e+013
  2.1950000e-003  7.2909000e+013
  2.2000000e-003  7.2797000e+013
  2.2050000e-003  7.2686000e+013
  2.2100000e-003  7.2571000e+013
  2.2150000e-003  7.2460000e+013
  2.2200000e-003  7.2349000e+013
  2.2250000e-003  7.2240000e+013
  2.2300000e-003  7.2129000e+013
  2.2350000e-003  7.2017000e+013
  2.2400000e-003  7.1909000e+013
  2.2450000e-003  7.1797000e+013
  2.2500000e-003  7.1689000e+013
  2.2550000e-003  7.1580000e+013
  2.2600000e-003  7.1471000e+013
  2.2650000e-003  7.1363000e+013
  2.2700000e-003  7.1254000e+013
  2.2750000e-003  7.1146000e+013
  2.2800000e-003  7.1037000e+013
  2.2850000e-003  7.0931000e+013
  2.2900000e-003  7.0823000e+013
  2.2950000e-003  7.0717000e+013
  2.3000000e-003  7.0611000e+013
  2.3050000e-003  7.0506000e+013
  2.3100000e-003  7.0400000e+013
  2.3150000e-003  7.0294000e+013
  2.3200000e-003  7.0189000e+013
  2.3250000e-003  7.0083000e+013
  2.3300000e-003  6.9977000e+013
  2.3350000e-003  6.9874000e+013
  2.3400000e-003  6.9771000e+013
  2.3450000e-003  6.9666000e+013
  2.3500000e-003  6.9563000e+013
  2.3550000e-003  6.9460000e+013
  2.3600000e-003  6.9357000e+013
  2.3650000e-003  6.9254000e+013
  2.3700000e-003  6.9151000e+013
  2.3750000e-003  6.9051000e+013
  2.3800000e-003  6.8949000e+013
  2.3850000e-003  6.8849000e+013
  2.3900000e-003  6.8749000e+013
  2.3950000e-003  6.8646000e+013
  2.4000000e-003  6.8546000e+013
  2.4050000e-003  6.8446000e+013
  2.4100000e-003  6.8346000e+013
  2.4150000e-003  6.8246000e+013
  2.4200000e-003  6.8149000e+013
  2.4250000e-003  6.8049000e+013
  2.4300000e-003  6.7951000e+013
  2.4350000e-003  6.7851000e+013
  2.4400000e-003  6.7754000e+013
  2.4450000e-003  6.7657000e+013
  2.4500000e-003  6.7557000e+013
  2.4550000e-003  6.7460000e+013
  2.4600000e-003  6.7366000e+013
  2.4650000e-003  6.7269000e+013
  2.4700000e-003  6.7171000e+013
  2.4750000e-003  6.7074000e+013
  2.4800000e-003  6.6980000e+013
  2.4850000e-003  6.6883000e+013
  2.4900000e-003  6.6789000e+013
  2.4950000e-003  6.6694000e+013
  2.5000000e-003  6.6600000e+013
  2.5050000e-003  6.6506000e+013
  2.5100000e-003  6.6411000e+013
  2.5150000e-003  6.6317000e+013
  2.5200000e-003  6.6223000e+013
  2.5250000e-003  6.6131000e+013
  2.5300000e-003  6.6037000e+013
  2.5350000e-003  6.5946000e+013
  2.5400000e-003  6.5851000e+013
  2.5450000e-003  6.5760000e+013
  2.5500000e-003  6.5669000e+013
  2.5550000e-003  6.5577000e+013
  2.5600000e-003  6.5486000e+013
  2.5650000e-003  6.5394000e+013
  2.5700000e-003  6.5303000e+013
  2.5750000e-003  6.5211000e+013
  2.5800000e-003  6.5123000e+013
  2.5850000e-003  6.5031000e+013
  2.5900000e-003  6.4943000e+013
  2.5950000e-003  6.4851000e+013
  2.6000000e-003  6.4763000e+013
  2.6050000e-003  6.4674000e+013
  2.6100000e-003  6.4586000e+013
  2.6150000e-003  6.4497000e+013
  2.6200000e-003  6.4409000e+013
  2.6250000e-003  6.4320000e+013
  2.6300000e-003  6.4234000e+013
  2.6350000e-003  6.4146000e+013
  2.6400000e-003  6.4057000e+013
  2.6450000e-003  6.3971000e+013
  2.6500000e-003  6.3886000e+013
  2.6550000e-003  6.3797000e+013
  2.6600000e-003  6.3711000e+013
  2.6650000e-003  6.3626000e+013
  2.6700000e-003  6.3540000e+013
  2.6750000e-003  6.3454000e+013
  2.6800000e-003  6.3369000e+013
  2.6850000e-003  6.3286000e+013
  2.6900000e-003  6.3200000e+013
  2.6950000e-003  6.3114000e+013
  2.7000000e-003  6.3031000e+013
  2.7050000e-003  6.2946000e+013
  2.7100000e-003  6.2863000e+013
  2.7150000e-003  6.2780000e+013
  2.7200000e-003  6.2694000e+013
  2.7250000e-003  6.2611000e+013
  2.7300000e-003  6.2529000e+013
  2.7350000e-003  6.2446000e+013
  2.7400000e-003  6.2363000e+013
  2.7450000e-003  6.2283000e+013
  2.7500000e-003  6.2200000e+013
  2.7550000e-003  6.2117000e+013
  2.7600000e-003  6.2037000e+013
  2.7650000e-003  6.1954000e+013
  2.7700000e-003  6.1874000e+013
  2.7750000e-003  6.1791000e+013
  2.7800000e-003  6.1711000e+013
  2.7850000e-003  6.1631000e+013
  2.7900000e-003  6.1551000e+013
  2.7950000e-003  6.1471000e+013
  2.8000000e-003  6.1391000e+013
  2.8050000e-003  6.1311000e+013
  2.8100000e-003  6.1231000e+013
  2.8150000e-003  6.1151000e+013
  2.8200000e-003  6.1074000e+013
  2.8250000e-003  6.0994000e+013
  2.8300000e-003  6.0917000e+013
  2.8350000e-003  6.0837000e+013
  2.8400000e-003  6.0760000e+013
  2.8450000e-003  6.0680000e+013
  2.8500000e-003  6.0603000e+013
  2.8550000e-003  6.0526000e+013
  2.8600000e-003  6.0449000e+013
  2.8650000e-003  6.0371000e+013
  2.8700000e-003  6.0294000e+013
  2.8750000e-003  6.0217000e+013
  2.8800000e-003  6.0140000e+013
  2.8850000e-003  6.0063000e+013
  2.8900000e-003  5.9986000e+013
  2.8950000e-003  5.9911000e+013
  2.9000000e-003  5.9834000e+013
  2.9050000e-003  5.9757000e+013
  2.9100000e-003  5.9683000e+013
  2.9150000e-003  5.9609000e+013
  2.9200000e-003  5.9531000e+013
  2.9250000e-003  5.9457000e+013
  2.9300000e-003  5.9383000e+013
  2.9350000e-003  5.9306000e+013
  2.9400000e-003  5.9231000e+013
  2.9450000e-003  5.9157000e+013
  2.9500000e-003  5.9083000e+013
  2.9550000e-003  5.9009000e+013
  2.9600000e-003  5.8934000e+013
  2.9650000e-003  5.8863000e+013
  2.9700000e-003  5.8789000e+013
  2.9750000e-003  5.8714000e+013
  2.9800000e-003  5.8640000e+013
  2.9850000e-003  5.8569000e+013
  2.9900000e-003  5.8494000e+013
  2.9950000e-003  5.8423000e+013
  3.0000000e-003  5.8349000e+013
  3.0050000e-003  5.8277000e+013
  3.0100000e-003  5.8206000e+013
  3.0150000e-003  5.8131000e+013
  3.0200000e-003  5.8060000e+013
  3.0250000e-003  5.7989000e+013
  3.0300000e-003  5.7917000e+013
  3.0350000e-003  5.7846000e+013
  3.0400000e-003  5.7774000e+013
  3.0450000e-003  5.7703000e+013
  3.0500000e-003  5.7631000e+013
  3.0550000e-003  5.7560000e+013
  3.0600000e-003  5.7489000e+013
  3.0650000e-003  5.7417000e+013
  3.0700000e-003  5.7346000e+013
  3.0750000e-003  5.7277000e+013
  3.0800000e-003  5.7206000e+013
  3.0850000e-003  5.7134000e+013
  3.0900000e-003  5.7066000e+013
  3.0950000e-003  5.6994000e+013
  3.1000000e-003  5.6926000e+013
  3.1050000e-003  5.6854000e+013
  3.1100000e-003  5.6786000e+013
  3.1150000e-003  5.6717000e+013
  3.1200000e-003  5.6646000e+013
  3.1250000e-003  5.6577000e+013
  3.1300000e-003  5.6509000e+013
  3.1350000e-003  5.6440000e+013
  3.1400000e-003  5.6369000e+013
  3.1450000e-003  5.6300000e+013
  3.1500000e-003  5.6231000e+013
  3.1550000e-003  5.6163000e+013
  3.1600000e-003  5.6094000e+013
  3.1650000e-003  5.6026000e+013
  3.1700000e-003  5.5957000e+013
  3.1750000e-003  5.5891000e+013
  3.1800000e-003  5.5823000e+013
  3.1850000e-003  5.5754000e+013
  3.1900000e-003  5.5686000e+013
  3.1950000e-003  5.5620000e+013
  3.2000000e-003  5.5551000e+013
  3.2050000e-003  5.5483000e+013
  3.2100000e-003  5.5417000e+013
  3.2150000e-003  5.5349000e+013
  3.2200000e-003  5.5280000e+013
  3.2250000e-003  5.5214000e+013
  3.2300000e-003  5.5149000e+013
  3.2350000e-003  5.5080000e+013
  3.2400000e-003  5.5014000e+013
  3.2450000e-003  5.4946000e+013
  3.2500000e-003  5.4880000e+013
  3.2550000e-003  5.4814000e+013
  3.2600000e-003  5.4746000e+013
  3.2650000e-003  5.4680000e+013
  3.2700000e-003  5.4614000e+013
  3.2750000e-003  5.4549000e+013
  3.2800000e-003  5.4483000e+013
  3.2850000e-003  5.4414000e+013
  3.2900000e-003  5.4349000e+013
  3.2950000e-003  5.4283000e+013
  3.3000000e-003  5.4217000e+013
  3.3050000e-003  5.4151000e+013
  3.3100000e-003  5.4086000e+013
  3.3150000e-003  5.4020000e+013
  3.3200000e-003  5.3954000e+013
  3.3250000e-003  5.3891000e+013
  3.3300000e-003  5.3826000e+013
  3.3350000e-003  5.3760000e+013
  3.3400000e-003  5.3694000e+013
  3.3450000e-003  5.3629000e+013
  3.3500000e-003  5.3566000e+013
  3.3550000e-003  5.3500000e+013
  3.3600000e-003  5.3434000e+013
  3.3650000e-003  5.3369000e+013
  3.3700000e-003  5.3306000e+013
  3.3750000e-003  5.3240000e+013
  3.3800000e-003  5.3177000e+013
  3.3850000e-003  5.3111000e+013
  3.3900000e-003  5.3046000e+013
  3.3950000e-003  5.2983000e+013
  3.4000000e-003  5.2917000e+013
  3.4050000e-003  5.2854000e+013
  3.4100000e-003  5.2791000e+013
  3.4150000e-003  5.2726000e+013
  3.4200000e-003  5.2663000e+013
  3.4250000e-003  5.2597000e+013
  3.4300000e-003  5.2534000e+013
  3.4350000e-003  5.2471000e+013
  3.4400000e-003  5.2406000e+013
  3.4450000e-003  5.2343000e+013
  3.4500000e-003  5.2280000e+013
  3.4550000e-003  5.2217000e+013
  3.4600000e-003  5.2151000e+013
  3.4650000e-003  5.2089000e+013
  3.4700000e-003  5.2026000e+013
  3.4750000e-003  5.1963000e+013
  3.4800000e-003  5.1900000e+013
  3.4850000e-003  5.1837000e+013
  3.4900000e-003  5.1774000e+013
  3.4950000e-003  5.1709000e+013
  3.5000000e-003  5.1646000e+013
  3.5050000e-003  5.1583000e+013
  3.5100000e-003  5.1520000e+013
  3.5150000e-003  5.1457000e+013
  3.5200000e-003  5.1394000e+013
  3.5250000e-003  5.1334000e+013
  3.5300000e-003  5.1271000e+013
  3.5350000e-003  5.1209000e+013
  3.5400000e-003  5.1146000e+013
  3.5450000e-003  5.1083000e+013
  3.5500000e-003  5.1020000e+013
  3.5550000e-003  5.0957000e+013
  3.5600000e-003  5.0897000e+013
  3.5650000e-003  5.0834000e+013
  3.5700000e-003  5.0771000e+013
  3.5750000e-003  5.0709000e+013
  3.5800000e-003  5.0649000e+013
  3.5850000e-003  5.0586000e+013
  3.5900000e-003  5.0523000e+013
  3.5950000e-003  5.0463000e+013
  3.6000000e-003  5.0400000e+013
  3.6050000e-003  5.0337000e+013
  3.6100000e-003  5.0277000e+013
  3.6150000e-003  5.0214000e+013
  3.6200000e-003  5.0154000e+013
  3.6250000e-003  5.0091000e+013
  3.6300000e-003  5.0031000e+013
  3.6350000e-003  4.9969000e+013
  3.6400000e-003  4.9909000e+013
  3.6450000e-003  4.9846000e+013
  3.6500000e-003  4.9786000e+013
  3.6550000e-003  4.9723000e+013
  3.6600000e-003  4.9663000e+013
  3.6650000e-003  4.9603000e+013
  3.6700000e-003  4.9540000e+013
  3.6750000e-003  4.9480000e+013
  3.6800000e-003  4.9420000e+013
  3.6850000e-003  4.9357000e+013
  3.6900000e-003  4.9297000e+013
  3.6950000e-003  4.9237000e+013
  3.7000000e-003  4.9177000e+013
  3.7050000e-003  4.9114000e+013
  3.7100000e-003  4.9054000e+013
  3.7150000e-003  4.8994000e+013
  3.7200000e-003  4.8934000e+013
  3.7250000e-003  4.8874000e+013
  3.7300000e-003  4.8814000e+013
  3.7350000e-003  4.8754000e+013
  3.7400000e-003  4.8694000e+013
  3.7450000e-003  4.8634000e+013
  3.7500000e-003  4.8574000e+013
  3.7550000e-003  4.8514000e+013
  3.7600000e-003  4.8454000e+013
  3.7650000e-003  4.8394000e+013
  3.7700000e-003  4.8334000e+013
  3.7750000e-003  4.8274000e+013
  3.7800000e-003  4.8214000e+013
  3.7850000e-003  4.8154000e+013
  3.7900000e-003  4.8094000e+013
  3.7950000e-003  4.8037000e+013
  3.8000000e-003  4.7977000e+013
  3.8050000e-003  4.7917000e+013
  3.8100000e-003  4.7857000e+013
  3.8150000e-003  4.7800000e+013
  3.8200000e-003  4.7740000e+013
  3.8250000e-003  4.7680000e+013
  3.8300000e-003  4.7623000e+013
  3.8350000e-003  4.7563000e+013
  3.8400000e-003  4.7503000e+013
  3.8450000e-003  4.7446000e+013
  3.8500000e-003  4.7386000e+013
  3.8550000e-003  4.7329000e+013
  3.8600000e-003  4.7269000e+013
  3.8650000e-003  4.7211000e+013
  3.8700000e-003  4.7151000e+013
  3.8750000e-003  4.7094000e+013
  3.8800000e-003  4.7034000e+013
  3.8850000e-003  4.6977000e+013
  3.8900000e-003  4.6920000e+013
  3.8950000e-003  4.6860000e+013
  3.9000000e-003  4.6803000e+013
  3.9050000e-003  4.6746000e+013
  3.9100000e-003  4.6689000e+013
  3.9150000e-003  4.6629000e+013
  3.9200000e-003  4.6571000e+013
  3.9250000e-003  4.6514000e+013
  3.9300000e-003  4.6457000e+013
  3.9350000e-003  4.6400000e+013
  3.9400000e-003  4.6343000e+013
  3.9450000e-003  4.6286000e+013
  3.9500000e-003  4.6229000e+013
  3.9550000e-003  4.6171000e+013
  3.9600000e-003  4.6114000e+013
  3.9650000e-003  4.6057000e+013
  3.9700000e-003  4.6000000e+013
  3.9750000e-003  4.5943000e+013
  3.9800000e-003  4.5886000e+013
  3.9850000e-003  4.5829000e+013
  3.9900000e-003  4.5774000e+013
  3.9950000e-003  4.5717000e+013
  4.0500000e-003  4.4837000e+013
  4.2000000e-003  4.3497000e+013
  4.3500000e-003  4.2234000e+013
  4.5000000e-003  4.1029000e+013
  4.6500000e-003  3.9877000e+013
  4.8000000e-003  3.8766000e+013
  4.9500000e-003  3.7691000e+013
  5.1000000e-003  3.6643000e+013
  5.2500000e-003  3.5620000e+013
  5.4000000e-003  3.4617000e+013
  5.5500000e-003  3.3629000e+013
  5.7000000e-003  3.2654000e+013
  5.8500000e-003  3.1694000e+013
  6.0000000e-003  3.0749000e+013
  6.1500000e-003  2.9817000e+013
  6.3000000e-003  2.8906000e+013
  6.4500000e-003  2.8010000e+013
  6.6000000e-003  2.7138000e+013
  6.7500000e-003  2.6290000e+013
  6.9000000e-003  2.5471000e+013
  7.0500000e-003  2.4682000e+013
  7.2000000e-003  2.3927000e+013
  7.3500000e-003  2.3209000e+013
  7.5000000e-003  2.2529000e+013
  7.6500000e-003  2.1889000e+013
  7.8000000e-003  2.1289000e+013
  7.9500000e-003  2.0731000e+013
  8.1000000e-003  2.0214000e+013
  8.2500000e-003  1.9737000e+013
  8.4000000e-003  1.9297000e+013
  8.5500000e-003  1.8893000e+013
  8.7000000e-003  1.8521000e+013
  8.8500000e-003  1.8178000e+013
  9.0000000e-003  1.7860000e+013
  9.1500000e-003  1.7562000e+013
  9.3000000e-003  1.7279000e+013
  9.4500000e-003  1.7008000e+013
  9.6000000e-003  1.6743000e+013
  9.7500000e-003  1.6481000e+013
  9.9000000e-003  1.6216000e+013
  1.0050000e-002  1.5945000e+013
  1.0200000e-002  1.5665000e+013
  1.0350000e-002  1.5374000e+013
  1.0500000e-002  1.5068000e+013
  1.0650000e-002  1.4748000e+013
  1.0800000e-002  1.4411000e+013
  1.0950000e-002  1.4059000e+013
  1.1100000e-002  1.3692000e+013
  1.1250000e-002  1.3312000e+013
  1.1400000e-002  1.2920000e+013
  1.1550000e-002  1.2519000e+013
  1.1700000e-002  1.2112000e+013
  1.1850000e-002  1.1703000e+013
  1.2000000e-002  1.1293000e+013
  1.2150000e-002  1.0888000e+013
  1.2300000e-002  1.0490000e+013
  1.2450000e-002  1.0103000e+013
  1.2600000e-002  9.7297000e+012
  1.2750000e-002  9.3726000e+012
  1.2900000e-002  9.0337000e+012
  1.3050000e-002  8.7149000e+012
  1.3200000e-002  8.4171000e+012
  1.3350000e-002  8.1409000e+012
  1.3500000e-002  7.8860000e+012
  1.3650000e-002  7.6520000e+012
  1.3800000e-002  7.4377000e+012
  1.3950000e-002  7.2411000e+012
  1.4100000e-002  7.0600000e+012
  1.4250000e-002  6.8923000e+012
  1.4400000e-002  6.7351000e+012
  1.4550000e-002  6.5854000e+012
  1.4700000e-002  6.4406000e+012
  1.4850000e-002  6.2971000e+012
  1.5000000e-002  6.1531000e+012
  1.5150000e-002  6.0054000e+012
  1.5300000e-002  5.8523000e+012
  1.5450000e-002  5.6917000e+012
  1.5600000e-002  5.5226000e+012
  1.5750000e-002  5.3437000e+012
  1.5900000e-002  5.1549000e+012
  1.6050000e-002  4.9566000e+012
  1.6200000e-002  4.7489000e+012
  1.6350000e-002  4.5329000e+012
  1.6500000e-002  4.3103000e+012
  1.6650000e-002  4.0826000e+012
  1.6800000e-002  3.8517000e+012
  1.6950000e-002  3.6200000e+012
  1.7100000e-002  3.3894000e+012
  1.7250000e-002  3.1623000e+012
  1.7400000e-002  2.9409000e+012
  1.7550000e-002  2.7263000e+012
  1.7700000e-002  2.5209000e+012
  1.7850000e-002  2.3256000e+012
  1.8000000e-002  2.1415000e+012
  1.8150000e-002  1.9692000e+012
  1.8300000e-002  1.8082000e+012
  1.8450000e-002  1.6585000e+012
  1.8600000e-002  1.5191000e+012
  1.8750000e-002  1.3891000e+012
  1.8900000e-002  1.2666000e+012
  1.9050000e-002  1.1500000e+012
  1.9200000e-002  1.0372000e+012
  1.9350000e-002  9.2583000e+011
  1.9500000e-002  8.1366000e+011
  1.9650000e-002  6.9837000e+011
  1.9800000e-002  5.7771000e+011
  1.9950000e-002  4.4966000e+011
  2.0100000e-002  3.1234000e+011
  2.0250000e-002  1.6414000e+011
  2.0400000e-002  3.9546000e+009
  2.0550000e-002 -1.6909000e+011
  2.0700000e-002 -3.5437000e+011
  2.0850000e-002 -5.5400000e+011
  2.1000000e-002 -7.6660000e+011
  2.1150000e-002 -9.9131000e+011
  2.1300000e-002 -1.2270000e+012
  2.1450000e-002 -1.4723000e+012
  2.1600000e-002 -1.7253000e+012
  2.1750000e-002 -1.9842000e+012
  2.1900000e-002 -2.2469000e+012
  2.2050000e-002 -2.5112000e+012
  2.2200000e-002 -2.7751000e+012
  2.2350000e-002 -3.0366000e+012
  2.2500000e-002 -3.2934000e+012
  2.2650000e-002 -3.5443000e+012
  2.2800000e-002 -3.7874000e+012
  2.2950000e-002 -4.0217000e+012
  2.3100000e-002 -4.2463000e+012
  2.3250000e-002 -4.4606000e+012
  2.3400000e-002 -4.6640000e+012
  2.3550000e-002 -4.8569000e+012
  2.3700000e-002 -5.0397000e+012
  2.3850000e-002 -5.2126000e+012
  2.4000000e-002 -5.3766000e+012
  2.4150000e-002 -5.5329000e+012
  2.4300000e-002 -5.6820000e+012
  2.4450000e-002 -5.8257000e+012
  2.4600000e-002 -5.9651000e+012
  2.4750000e-002 -6.1011000e+012
  2.4900000e-002 -6.2346000e+012
  2.5050000e-002 -6.3671000e+012
  2.5200000e-002 -6.4991000e+012
  2.5350000e-002 -6.6311000e+012
  2.5500000e-002 -6.7634000e+012
  2.5650000e-002 -6.8966000e+012
  2.5800000e-002 -7.0300000e+012
  2.5950000e-002 -7.1640000e+012
  2.6100000e-002 -7.2977000e+012
  2.6250000e-002 -7.4303000e+012
  2.6400000e-002 -7.5614000e+012
  2.6550000e-002 -7.6900000e+012
  2.6700000e-002 -7.8149000e+012
  2.6850000e-002 -7.9351000e+012
  2.7000000e-002 -8.0503000e+012
  2.7150000e-002 -8.1589000e+012
  2.7300000e-002 -8.2603000e+012
  2.7450000e-002 -8.3537000e+012
  2.7600000e-002 -8.4389000e+012
  2.7750000e-002 -8.5154000e+012
  2.7900000e-002 -8.5834000e+012
  2.8050000e-002 -8.6426000e+012
  2.8200000e-002 -8.6934000e+012
  2.8350000e-002 -8.7363000e+012
  2.8500000e-002 -8.7720000e+012
  2.8650000e-002 -8.8014000e+012
  2.8800000e-002 -8.8257000e+012
  2.8950000e-002 -8.8454000e+012
  2.9100000e-002 -8.8620000e+012
  2.9250000e-002 -8.8769000e+012
  2.9400000e-002 -8.8906000e+012
  2.9550000e-002 -8.9049000e+012
  2.9700000e-002 -8.9203000e+012
  2.9850000e-002 -8.9383000e+012
  5.0000000e-001  0.0000000e+000
