  0.0000000e+000  1.4400000e+015
  5.0000000e-006  1.2997620e+015
  1.0000000e-005  1.1794132e+015
  1.5000000e-005  1.1100338e+015
  2.0000000e-005  1.0599056e+015
  2.5000000e-005  1.0200747e+015
  3.0000000e-005  9.8673418e+014
  3.5000000e-005  9.5789915e+014
  4.0000000e-005  9.3239721e+014
  4.5000000e-005  9.0947453e+014
  5.0000000e-005  8.8861564e+014
  5.5000000e-005  8.6945130e+014
  6.0000000e-005  8.5170712e+014
  6.5000000e-005  8.3517313e+014
  7.0000000e-005  8.1968472e+014
  7.5000000e-005  8.0511018e+014
  8.0000000e-005  7.9134234e+014
  8.5000000e-005  7.7829269e+014
  9.0000000e-005  7.6588717e+014
  9.5000000e-005  7.5406315e+014
  1.0000000e-004  7.4276710e+014
  1.0500000e-004  7.3195291e+014
  1.1000000e-004  7.2158052e+014
  1.1500000e-004  7.1161486e+014
  1.2000000e-004  7.0202509e+014
  1.2500000e-004  6.9278388e+014
  1.3000000e-004  6.8386691e+014
  1.3500000e-004  6.7525241e+014
  1.4000000e-004  6.6692084e+014
  1.4500000e-004  6.5885454e+014
  1.5000000e-004  6.5103754e+014
  1.5500000e-004  6.4345532e+014
  1.6000000e-004  6.3609464e+014
  1.6500000e-004  6.2894337e+014
  1.7000000e-004  6.2199041e+014
  1.7500000e-004  6.1522553e+014
  1.8000000e-004  6.0863931e+014
  1.8500000e-004  6.0222304e+014
  1.9000000e-004  5.9596864e+014
  1.9500000e-004  5.8986863e+014
  2.0000000e-004  5.8391603e+014
  2.0500000e-004  5.7810436e+014
  2.1000000e-004  5.7242754e+014
  2.1500000e-004  5.6687992e+014
  2.2000000e-004  5.6145616e+014
  2.2500000e-004  5.5615131e+014
  2.3000000e-004  5.5096066e+014
  2.3500000e-004  5.4587983e+014
  2.4000000e-004  5.4090466e+014
  2.4500000e-004  5.3603123e+014
  2.5000000e-004  5.3125585e+014
  2.5500000e-004  5.2657503e+014
  2.6000000e-004  5.2198545e+014
  2.6500000e-004  5.1748399e+014
  2.7000000e-004  5.1306766e+014
  2.7500000e-004  5.0873365e+014
  2.8000000e-004  5.0447927e+014
  2.8500000e-004  5.0030197e+014
  2.9000000e-004  4.9619932e+014
  2.9500000e-004  4.9216900e+014
  3.0000000e-004  4.8820880e+014
  3.0500000e-004  4.8431661e+014
  3.1000000e-004  4.8049042e+014
  3.1500000e-004  4.7672830e+014
  3.2000000e-004  4.7302841e+014
  3.2500000e-004  4.6938899e+014
  3.3000000e-004  4.6580835e+014
  3.3500000e-004  4.6228487e+014
  3.4000000e-004  4.5881698e+014
  3.4500000e-004  4.5540322e+014
  3.5000000e-004  4.5204213e+014
  3.5500000e-004  4.4873236e+014
  3.6000000e-004  4.4547256e+014
  3.6500000e-004  4.4226148e+014
  3.7000000e-004  4.3909789e+014
  3.7500000e-004  4.3598061e+014
  3.8000000e-004  4.3290850e+014
  3.8500000e-004  4.2988047e+014
  3.9000000e-004  4.2689546e+014
  3.9500000e-004  4.2395246e+014
  4.0000000e-004  4.2105048e+014
  4.0500000e-004  4.1818857e+014
  4.1000000e-004  4.1536581e+014
  4.1500000e-004  4.1258133e+014
  4.2000000e-004  4.0983425e+014
  4.2500000e-004  4.0712376e+014
  4.3000000e-004  4.0444906e+014
  4.3500000e-004  4.0180935e+014
  4.4000000e-004  3.9920390e+014
  4.4500000e-004  3.9663198e+014
  4.5000000e-004  3.9409288e+014
  4.5500000e-004  3.9158592e+014
  4.6000000e-004  3.8911043e+014
  4.6500000e-004  3.8666577e+014
  4.7000000e-004  3.8425132e+014
  4.7500000e-004  3.8186647e+014
  4.8000000e-004  3.7951064e+014
  4.8500000e-004  3.7718325e+014
  4.9000000e-004  3.7488374e+014
  4.9500000e-004  3.7261159e+014
  5.0000000e-004  3.7036627e+014
  5.0500000e-004  3.6814726e+014
  5.1000000e-004  3.6595408e+014
  5.1500000e-004  3.6378623e+014
  5.2000000e-004  3.6164326e+014
  5.2500000e-004  3.5952470e+014
  5.3000000e-004  3.5743012e+014
  5.3500000e-004  3.5535908e+014
  5.4000000e-004  3.5331115e+014
  5.4500000e-004  3.5128593e+014
  5.5000000e-004  3.4928302e+014
  5.5500000e-004  3.4730203e+014
  5.6000000e-004  3.4534258e+014
  5.6500000e-004  3.4340430e+014
  5.7000000e-004  3.4148683e+014
  5.7500000e-004  3.3958981e+014
  5.8000000e-004  3.3771290e+014
  5.8500000e-004  3.3585577e+014
  5.9000000e-004  3.3401809e+014
  5.9500000e-004  3.3219954e+014
  6.0000000e-004  3.3039981e+014
  6.0500000e-004  3.2861859e+014
  6.1000000e-004  3.2685559e+014
  6.1500000e-004  3.2511051e+014
  6.2000000e-004  3.2338307e+014
  6.2500000e-004  3.2167299e+014
  6.3000000e-004  3.1998000e+014
  6.3500000e-004  3.1830384e+014
  6.4000000e-004  3.1664425e+014
  6.4500000e-004  3.1500096e+014
  6.5000000e-004  3.1337375e+014
  6.5500000e-004  3.1176235e+014
  6.6000000e-004  3.1016654e+014
  6.6500000e-004  3.0858607e+014
  6.7000000e-004  3.0702073e+014
  6.7500000e-004  3.0547029e+014
  6.8000000e-004  3.0393454e+014
  6.8500000e-004  3.0241325e+014
  6.9000000e-004  3.0090622e+014
  6.9500000e-004  2.9941325e+014
  7.0000000e-004  2.9793413e+014
  7.0500000e-004  2.9646866e+014
  7.1000000e-004  2.9501667e+014
  7.1500000e-004  2.9357794e+014
  7.2000000e-004  2.9215231e+014
  7.2500000e-004  2.9073959e+014
  7.3000000e-004  2.8933960e+014
  7.3500000e-004  2.8795216e+014
  7.4000000e-004  2.8657712e+014
  7.4500000e-004  2.8521429e+014
  7.5000000e-004  2.8386351e+014
  7.5500000e-004  2.8252463e+014
  7.6000000e-004  2.8119747e+014
  7.6500000e-004  2.7988190e+014
  7.7000000e-004  2.7857776e+014
  7.7500000e-004  2.7728489e+014
  7.8000000e-004  2.7600315e+014
  7.8500000e-004  2.7473239e+014
  7.9000000e-004  2.7347248e+014
  7.9500000e-004  2.7222327e+014
  8.0000000e-004  2.7098463e+014
  8.0500000e-004  2.6975643e+014
  8.1000000e-004  2.6853853e+014
  8.1500000e-004  2.6733080e+014
  8.2000000e-004  2.6613311e+014
  8.2500000e-004  2.6494535e+014
  8.3000000e-004  2.6376739e+014
  8.3500000e-004  2.6259910e+014
  8.4000000e-004  2.6144037e+014
  8.4500000e-004  2.6029109e+014
  8.5000000e-004  2.5915114e+014
  8.5500000e-004  2.5802040e+014
  8.6000000e-004  2.5689877e+014
  8.6500000e-004  2.5578613e+014
  8.7000000e-004  2.5468238e+014
  8.7500000e-004  2.5358742e+014
  8.8000000e-004  2.5250114e+014
  8.8500000e-004  2.5142344e+014
  8.9000000e-004  2.5035422e+014
  8.9500000e-004  2.4929338e+014
  9.0000000e-004  2.4824082e+014
  9.0500000e-004  2.4719645e+014
  9.1000000e-004  2.4616018e+014
  9.1500000e-004  2.4513191e+014
  9.2000000e-004  2.4411155e+014
  9.2500000e-004  2.4309902e+014
  9.3000000e-004  2.4209422e+014
  9.3500000e-004  2.4109707e+014
  9.4000000e-004  2.4010748e+014
  9.4500000e-004  2.3912536e+014
  9.5000000e-004  2.3815065e+014
  9.5500000e-004  2.3718325e+014
  9.6000000e-004  2.3622309e+014
  9.6500000e-004  2.3527008e+014
  9.7000000e-004  2.3432415e+014
  9.7500000e-004  2.3338522e+014
  9.8000000e-004  2.3245321e+014
  9.8500000e-004  2.3152806e+014
  9.9000000e-004  2.3060969e+014
  9.9500000e-004  2.2969802e+014
  1.0000000e-003  2.2879299e+014
  1.0050000e-003  2.2789452e+014
  1.0100000e-003  2.2700256e+014
  1.0150000e-003  2.2611701e+014
  1.0200000e-003  2.2523784e+014
  1.0250000e-003  2.2436495e+014
  1.0300000e-003  2.2349830e+014
  1.0350000e-003  2.2263781e+014
  1.0400000e-003  2.2178343e+014
  1.0450000e-003  2.2093508e+014
  1.0500000e-003  2.2009272e+014
  1.0550000e-003  2.1925627e+014
  1.0600000e-003  2.1842569e+014
  1.0650000e-003  2.1760090e+014
  1.0700000e-003  2.1678185e+014
  1.0750000e-003  2.1596849e+014
  1.0800000e-003  2.1516076e+014
  1.0850000e-003  2.1435860e+014
  1.0900000e-003  2.1356195e+014
  1.0950000e-003  2.1277077e+014
  1.1000000e-003  2.1198499e+014
  1.1050000e-003  2.1120458e+014
  1.1100000e-003  2.1042946e+014
  1.1150000e-003  2.0965960e+014
  1.1200000e-003  2.0889495e+014
  1.1250000e-003  2.0813544e+014
  1.1300000e-003  2.0738104e+014
  1.1350000e-003  2.0663169e+014
  1.1400000e-003  2.0588734e+014
  1.1450000e-003  2.0514796e+014
  1.1500000e-003  2.0441348e+014
  1.1550000e-003  2.0368387e+014
  1.1600000e-003  2.0295908e+014
  1.1650000e-003  2.0223907e+014
  1.1700000e-003  2.0152378e+014
  1.1750000e-003  2.0081318e+014
  1.1800000e-003  2.0010722e+014
  1.1850000e-003  1.9940586e+014
  1.1900000e-003  1.9870906e+014
  1.1950000e-003  1.9801677e+014
  1.2000000e-003  1.9732896e+014
  1.2050000e-003  1.9664558e+014
  1.2100000e-003  1.9596660e+014
  1.2150000e-003  1.9529197e+014
  1.2200000e-003  1.9462165e+014
  1.2250000e-003  1.9395561e+014
  1.2300000e-003  1.9329380e+014
  1.2350000e-003  1.9263620e+014
  1.2400000e-003  1.9198276e+014
  1.2450000e-003  1.9133344e+014
  1.2500000e-003  1.9068821e+014
  1.2550000e-003  1.9004703e+014
  1.2600000e-003  1.8940987e+014
  1.2650000e-003  1.8877669e+014
  1.2700000e-003  1.8814746e+014
  1.2750000e-003  1.8752214e+014
  1.2800000e-003  1.8690070e+014
  1.2850000e-003  1.8628311e+014
  1.2900000e-003  1.8566932e+014
  1.2950000e-003  1.8505932e+014
  1.3000000e-003  1.8445306e+014
  1.3050000e-003  1.8385052e+014
  1.3100000e-003  1.8325166e+014
  1.3150000e-003  1.8265645e+014
  1.3200000e-003  1.8206486e+014
  1.3250000e-003  1.8147687e+014
  1.3300000e-003  1.8089243e+014
  1.3350000e-003  1.8031153e+014
  1.3400000e-003  1.7973412e+014
  1.3450000e-003  1.7916019e+014
  1.3500000e-003  1.7858970e+014
  1.3550000e-003  1.7802262e+014
  1.3600000e-003  1.7745893e+014
  1.3650000e-003  1.7689860e+014
  1.3700000e-003  1.7634159e+014
  1.3750000e-003  1.7578789e+014
  1.3800000e-003  1.7523747e+014
  1.3850000e-003  1.7469030e+014
  1.3900000e-003  1.7414635e+014
  1.3950000e-003  1.7360559e+014
  1.4000000e-003  1.7306801e+014
  1.4050000e-003  1.7253357e+014
  1.4100000e-003  1.7200225e+014
  1.4150000e-003  1.7147403e+014
  1.4200000e-003  1.7094888e+014
  1.4250000e-003  1.7042677e+014
  1.4300000e-003  1.6990768e+014
  1.4350000e-003  1.6939160e+014
  1.4400000e-003  1.6887848e+014
  1.4450000e-003  1.6836832e+014
  1.4500000e-003  1.6786109e+014
  1.4550000e-003  1.6735676e+014
  1.4600000e-003  1.6685531e+014
  1.4650000e-003  1.6635672e+014
  1.4700000e-003  1.6586096e+014
  1.4750000e-003  1.6536803e+014
  1.4800000e-003  1.6487788e+014
  1.4850000e-003  1.6439051e+014
  1.4900000e-003  1.6390589e+014
  1.4950000e-003  1.6342399e+014
  1.5000000e-003  1.6294481e+014
  1.5050000e-003  1.6246831e+014
  1.5100000e-003  1.6199448e+014
  1.5150000e-003  1.6152330e+014
  1.5200000e-003  1.6105474e+014
  1.5250000e-003  1.6058879e+014
  1.5300000e-003  1.6012543e+014
  1.5350000e-003  1.5966464e+014
  1.5400000e-003  1.5920639e+014
  1.5450000e-003  1.5875068e+014
  1.5500000e-003  1.5829747e+014
  1.5550000e-003  1.5784676e+014
  1.5600000e-003  1.5739852e+014
  1.5650000e-003  1.5695273e+014
  1.5700000e-003  1.5650938e+014
  1.5750000e-003  1.5606846e+014
  1.5800000e-003  1.5562993e+014
  1.5850000e-003  1.5519379e+014
  1.5900000e-003  1.5476001e+014
  1.5950000e-003  1.5432858e+014
  1.6000000e-003  1.5389948e+014
  1.6050000e-003  1.5347270e+014
  1.6100000e-003  1.5304822e+014
  1.6150000e-003  1.5262602e+014
  1.6200000e-003  1.5220608e+014
  1.6250000e-003  1.5178839e+014
  1.6300000e-003  1.5137293e+014
  1.6350000e-003  1.5095969e+014
  1.6400000e-003  1.5054866e+014
  1.6450000e-003  1.5013980e+014
  1.6500000e-003  1.4973312e+014
  1.6550000e-003  1.4932859e+014
  1.6600000e-003  1.4892620e+014
  1.6650000e-003  1.4852593e+014
  1.6700000e-003  1.4812778e+014
  1.6750000e-003  1.4773171e+014
  1.6800000e-003  1.4733773e+014
  1.6850000e-003  1.4694581e+014
  1.6900000e-003  1.4655594e+014
  1.6950000e-003  1.4616811e+014
  1.7000000e-003  1.4578229e+014
  1.7050000e-003  1.4539849e+014
  1.7100000e-003  1.4501668e+014
  1.7150000e-003  1.4463685e+014
  1.7200000e-003  1.4425899e+014
  1.7250000e-003  1.4388308e+014
  1.7300000e-003  1.4350911e+014
  1.7350000e-003  1.4313707e+014
  1.7400000e-003  1.4276694e+014
  1.7450000e-003  1.4239871e+014
  1.7500000e-003  1.4203237e+014
  1.7550000e-003  1.4166790e+014
  1.7600000e-003  1.4130530e+014
  1.7650000e-003  1.4094454e+014
  1.7700000e-003  1.4058562e+014
  1.7750000e-003  1.4022853e+014
  1.7800000e-003  1.3987325e+014
  1.7850000e-003  1.3951976e+014
  1.7900000e-003  1.3916807e+014
  1.7950000e-003  1.3881815e+014
  1.8000000e-003  1.3847000e+014
  1.8050000e-003  1.3812360e+014
  1.8100000e-003  1.3777894e+014
  1.8150000e-003  1.3743601e+014
  1.8200000e-003  1.3709480e+014
  1.8250000e-003  1.3675529e+014
  1.8300000e-003  1.3641748e+014
  1.8350000e-003  1.3608136e+014
  1.8400000e-003  1.3574691e+014
  1.8450000e-003  1.3541412e+014
  1.8500000e-003  1.3508298e+014
  1.8550000e-003  1.3475349e+014
  1.8600000e-003  1.3442562e+014
  1.8650000e-003  1.3409937e+014
  1.8700000e-003  1.3377474e+014
  1.8750000e-003  1.3345170e+014
  1.8800000e-003  1.3313025e+014
  1.8850000e-003  1.3281038e+014
  1.8900000e-003  1.3249208e+014
  1.8950000e-003  1.3217534e+014
  1.9000000e-003  1.3186014e+014
  1.9050000e-003  1.3154649e+014
  1.9100000e-003  1.3123436e+014
  1.9150000e-003  1.3092375e+014
  1.9200000e-003  1.3061465e+014
  1.9250000e-003  1.3030705e+014
  1.9300000e-003  1.3000094e+014
  1.9350000e-003  1.2969632e+014
  1.9400000e-003  1.2939316e+014
  1.9450000e-003  1.2909147e+014
  1.9500000e-003  1.2879123e+014
  1.9550000e-003  1.2849243e+014
  1.9600000e-003  1.2819507e+014
  1.9650000e-003  1.2789913e+014
  1.9700000e-003  1.2760462e+014
  1.9750000e-003  1.2731151e+014
  1.9800000e-003  1.2701980e+014
  1.9850000e-003  1.2672949e+014
  1.9900000e-003  1.2644055e+014
  1.9950000e-003  1.2615299e+014
  2.0000000e-003  1.2586680e+014
  2.0050000e-003  1.2558196e+014
  2.0100000e-003  1.2529847e+014
  2.0150000e-003  1.2501633e+014
  2.0200000e-003  1.2473551e+014
  2.0250000e-003  1.2445603e+014
  2.0300000e-003  1.2417785e+014
  2.0350000e-003  1.2390099e+014
  2.0400000e-003  1.2362543e+014
  2.0450000e-003  1.2335116e+014
  2.0500000e-003  1.2307817e+014
  2.0550000e-003  1.2280646e+014
  2.0600000e-003  1.2253602e+014
  2.0650000e-003  1.2226685e+014
  2.0700000e-003  1.2199893e+014
  2.0750000e-003  1.2173225e+014
  2.0800000e-003  1.2146682e+014
  2.0850000e-003  1.2120261e+014
  2.0900000e-003  1.2093963e+014
  2.0950000e-003  1.2067787e+014
  2.1000000e-003  1.2041732e+014
  2.1050000e-003  1.2015798e+014
  2.1100000e-003  1.1989982e+014
  2.1150000e-003  1.1964286e+014
  2.1200000e-003  1.1938708e+014
  2.1250000e-003  1.1913248e+014
  2.1300000e-003  1.1887904e+014
  2.1350000e-003  1.1862677e+014
  2.1400000e-003  1.1837565e+014
  2.1450000e-003  1.1812567e+014
  2.1500000e-003  1.1787684e+014
  2.1550000e-003  1.1762915e+014
  2.1600000e-003  1.1738258e+014
  2.1650000e-003  1.1713713e+014
  2.1700000e-003  1.1689280e+014
  2.1750000e-003  1.1664957e+014
  2.1800000e-003  1.1640745e+014
  2.1850000e-003  1.1616643e+014
  2.1900000e-003  1.1592649e+014
  2.1950000e-003  1.1568764e+014
  2.2000000e-003  1.1544986e+014
  2.2050000e-003  1.1521316e+014
  2.2100000e-003  1.1497752e+014
  2.2150000e-003  1.1474294e+014
  2.2200000e-003  1.1450941e+014
  2.2250000e-003  1.1427693e+014
  2.2300000e-003  1.1404549e+014
  2.2350000e-003  1.1381509e+014
  2.2400000e-003  1.1358571e+014
  2.2450000e-003  1.1335736e+014
  2.2500000e-003  1.1313003e+014
  2.2550000e-003  1.1290370e+014
  2.2600000e-003  1.1267839e+014
  2.2650000e-003  1.1245407e+014
  2.2700000e-003  1.1223075e+014
  2.2750000e-003  1.1200842e+014
  2.2800000e-003  1.1178707e+014
  2.2850000e-003  1.1156671e+014
  2.2900000e-003  1.1134731e+014
  2.2950000e-003  1.1112888e+014
  2.3000000e-003  1.1091142e+014
  2.3050000e-003  1.1069491e+014
  2.3100000e-003  1.1047935e+014
  2.3150000e-003  1.1026474e+014
  2.3200000e-003  1.1005107e+014
  2.3250000e-003  1.0983834e+014
  2.3300000e-003  1.0962654e+014
  2.3350000e-003  1.0941566e+014
  2.3400000e-003  1.0920571e+014
  2.3450000e-003  1.0899667e+014
  2.3500000e-003  1.0878854e+014
  2.3550000e-003  1.0858132e+014
  2.3600000e-003  1.0837500e+014
  2.3650000e-003  1.0816957e+014
  2.3700000e-003  1.0796504e+014
  2.3750000e-003  1.0776139e+014
  2.3800000e-003  1.0755863e+014
  2.3850000e-003  1.0735674e+014
  2.3900000e-003  1.0715572e+014
  2.3950000e-003  1.0695557e+014
  2.4000000e-003  1.0675629e+014
  2.4050000e-003  1.0655786e+014
  2.4100000e-003  1.0636028e+014
  2.4150000e-003  1.0616356e+014
  2.4200000e-003  1.0596768e+014
  2.4250000e-003  1.0577264e+014
  2.4300000e-003  1.0557843e+014
  2.4350000e-003  1.0538506e+014
  2.4400000e-003  1.0519251e+014
  2.4450000e-003  1.0500078e+014
  2.4500000e-003  1.0480988e+014
  2.4550000e-003  1.0461978e+014
  2.4600000e-003  1.0443050e+014
  2.4650000e-003  1.0424202e+014
  2.4700000e-003  1.0405434e+014
  2.4750000e-003  1.0386746e+014
  2.4800000e-003  1.0368137e+014
  2.4850000e-003  1.0349607e+014
  2.4900000e-003  1.0331156e+014
  2.4950000e-003  1.0312782e+014
  2.5000000e-003  1.0294486e+014
  2.5050000e-003  1.0276268e+014
  2.5100000e-003  1.0258126e+014
  2.5150000e-003  1.0240060e+014
  2.5200000e-003  1.0222071e+014
  2.5250000e-003  1.0204157e+014
  2.5300000e-003  1.0186318e+014
  2.5350000e-003  1.0168555e+014
  2.5400000e-003  1.0150865e+014
  2.5450000e-003  1.0133250e+014
  2.5500000e-003  1.0115709e+014
  2.5550000e-003  1.0098241e+014
  2.5600000e-003  1.0080845e+014
  2.5650000e-003  1.0063523e+014
  2.5700000e-003  1.0046272e+014
  2.5750000e-003  1.0029094e+014
  2.5800000e-003  1.0011986e+014
  2.5850000e-003  9.9949504e+013
  2.5900000e-003  9.9779852e+013
  2.5950000e-003  9.9610903e+013
  2.6000000e-003  9.9442654e+013
  2.6050000e-003  9.9275102e+013
  2.6100000e-003  9.9108244e+013
  2.6150000e-003  9.8942075e+013
  2.6200000e-003  9.8776593e+013
  2.6250000e-003  9.8611793e+013
  2.6300000e-003  9.8447673e+013
  2.6350000e-003  9.8284229e+013
  2.6400000e-003  9.8121458e+013
  2.6450000e-003  9.7959355e+013
  2.6500000e-003  9.7797919e+013
  2.6550000e-003  9.7637146e+013
  2.6600000e-003  9.7477032e+013
  2.6650000e-003  9.7317574e+013
  2.6700000e-003  9.7158768e+013
  2.6750000e-003  9.7000613e+013
  2.6800000e-003  9.6843104e+013
  2.6850000e-003  9.6686237e+013
  2.6900000e-003  9.6530011e+013
  2.6950000e-003  9.6374422e+013
  2.7000000e-003  9.6219466e+013
  2.7050000e-003  9.6065142e+013
  2.7100000e-003  9.5911444e+013
  2.7150000e-003  9.5758371e+013
  2.7200000e-003  9.5605919e+013
  2.7250000e-003  9.5454086e+013
  2.7300000e-003  9.5302868e+013
  2.7350000e-003  9.5152262e+013
  2.7400000e-003  9.5002266e+013
  2.7450000e-003  9.4852876e+013
  2.7500000e-003  9.4704089e+013
  2.7550000e-003  9.4555903e+013
  2.7600000e-003  9.4408314e+013
  2.7650000e-003  9.4261320e+013
  2.7700000e-003  9.4114918e+013
  2.7750000e-003  9.3969105e+013
  2.7800000e-003  9.3823878e+013
  2.7850000e-003  9.3679234e+013
  2.7900000e-003  9.3535171e+013
  2.7950000e-003  9.3391685e+013
  2.8000000e-003  9.3248774e+013
  2.8050000e-003  9.3106436e+013
  2.8100000e-003  9.2964667e+013
  2.8150000e-003  9.2823464e+013
  2.8200000e-003  9.2682826e+013
  2.8250000e-003  9.2542749e+013
  2.8300000e-003  9.2403231e+013
  2.8350000e-003  9.2264268e+013
  2.8400000e-003  9.2125859e+013
  2.8450000e-003  9.1988001e+013
  2.8500000e-003  9.1850691e+013
  2.8550000e-003  9.1713926e+013
  2.8600000e-003  9.1577705e+013
  2.8650000e-003  9.1442024e+013
  2.8700000e-003  9.1306880e+013
  2.8750000e-003  9.1172272e+013
  2.8800000e-003  9.1038197e+013
  2.8850000e-003  9.0904652e+013
  2.8900000e-003  9.0771635e+013
  2.8950000e-003  9.0639143e+013
  2.9000000e-003  9.0507174e+013
  2.9050000e-003  9.0375726e+013
  2.9100000e-003  9.0244795e+013
  2.9150000e-003  9.0114381e+013
  2.9200000e-003  8.9984479e+013
  2.9250000e-003  8.9855088e+013
  2.9300000e-003  8.9726206e+013
  2.9350000e-003  8.9597829e+013
  2.9400000e-003  8.9469957e+013
  2.9450000e-003  8.9342586e+013
  2.9500000e-003  8.9215714e+013
  2.9550000e-003  8.9089339e+013
  2.9600000e-003  8.8963458e+013
  2.9650000e-003  8.8838069e+013
  2.9700000e-003  8.8713171e+013
  2.9750000e-003  8.8588760e+013
  2.9800000e-003  8.8464835e+013
  2.9850000e-003  8.8341393e+013
  2.9900000e-003  8.8218432e+013
  2.9950000e-003  8.8095949e+013
  3.0000000e-003  8.7973944e+013
  3.0050000e-003  8.7852413e+013
  3.0100000e-003  8.7731354e+013
  3.0150000e-003  8.7610766e+013
  3.0200000e-003  8.7490645e+013
  3.0250000e-003  8.7370990e+013
  3.0300000e-003  8.7251800e+013
  3.0350000e-003  8.7133070e+013
  3.0400000e-003  8.7014801e+013
  3.0450000e-003  8.6896989e+013
  3.0500000e-003  8.6779632e+013
  3.0550000e-003  8.6662729e+013
  3.0600000e-003  8.6546278e+013
  3.0650000e-003  8.6430275e+013
  3.0700000e-003  8.6314720e+013
  3.0750000e-003  8.6199611e+013
  3.0800000e-003  8.6084944e+013
  3.0850000e-003  8.5970719e+013
  3.0900000e-003  8.5856933e+013
  3.0950000e-003  8.5743585e+013
  3.1000000e-003  8.5630672e+013
  3.1050000e-003  8.5518193e+013
  3.1100000e-003  8.5406145e+013
  3.1150000e-003  8.5294527e+013
  3.1200000e-003  8.5183337e+013
  3.1250000e-003  8.5072572e+013
  3.1300000e-003  8.4962232e+013
  3.1350000e-003  8.4852313e+013
  3.1400000e-003  8.4742815e+013
  3.1450000e-003  8.4633735e+013
  3.1500000e-003  8.4525072e+013
  3.1550000e-003  8.4416823e+013
  3.1600000e-003  8.4308988e+013
  3.1650000e-003  8.4201563e+013
  3.1700000e-003  8.4094547e+013
  3.1750000e-003  8.3987939e+013
  3.1800000e-003  8.3881737e+013
  3.1850000e-003  8.3775939e+013
  3.1900000e-003  8.3670542e+013
  3.1950000e-003  8.3565546e+013
  3.2000000e-003  8.3460949e+013
  3.2050000e-003  8.3356749e+013
  3.2100000e-003  8.3252943e+013
  3.2150000e-003  8.3149531e+013
  3.2200000e-003  8.3046511e+013
  3.2250000e-003  8.2943881e+013
  3.2300000e-003  8.2841639e+013
  3.2350000e-003  8.2739784e+013
  3.2400000e-003  8.2638314e+013
  3.2450000e-003  8.2537227e+013
  3.2500000e-003  8.2436522e+013
  3.2550000e-003  8.2336197e+013
  3.2600000e-003  8.2236250e+013
  3.2650000e-003  8.2136680e+013
  3.2700000e-003  8.2037485e+013
  3.2750000e-003  8.1938664e+013
  3.2800000e-003  8.1840214e+013
  3.2850000e-003  8.1742135e+013
  3.2900000e-003  8.1644425e+013
  3.2950000e-003  8.1547082e+013
  3.3000000e-003  8.1450104e+013
  3.3050000e-003  8.1353491e+013
  3.3100000e-003  8.1257240e+013
  3.3150000e-003  8.1161349e+013
  3.3200000e-003  8.1065819e+013
  3.3250000e-003  8.0970646e+013
  3.3300000e-003  8.0875829e+013
  3.3350000e-003  8.0781368e+013
  3.3400000e-003  8.0687260e+013
  3.3450000e-003  8.0593503e+013
  3.3500000e-003  8.0500097e+013
  3.3550000e-003  8.0407040e+013
  3.3600000e-003  8.0314330e+013
  3.3650000e-003  8.0221967e+013
  3.3700000e-003  8.0129947e+013
  3.3750000e-003  8.0038271e+013
  3.3800000e-003  7.9946937e+013
  3.3850000e-003  7.9855942e+013
  3.3900000e-003  7.9765286e+013
  3.3950000e-003  7.9674968e+013
  3.4000000e-003  7.9584986e+013
  3.4050000e-003  7.9495338e+013
  3.4100000e-003  7.9406023e+013
  3.4150000e-003  7.9317040e+013
  3.4200000e-003  7.9228387e+013
  3.4250000e-003  7.9140064e+013
  3.4300000e-003  7.9052068e+013
  3.4350000e-003  7.8964398e+013
  3.4400000e-003  7.8877053e+013
  3.4450000e-003  7.8790031e+013
  3.4500000e-003  7.8703332e+013
  3.4550000e-003  7.8616954e+013
  3.4600000e-003  7.8530895e+013
  3.4650000e-003  7.8445155e+013
  3.4700000e-003  7.8359731e+013
  3.4750000e-003  7.8274623e+013
  3.4800000e-003  7.8189829e+013
  3.4850000e-003  7.8105349e+013
  3.4900000e-003  7.8021180e+013
  3.4950000e-003  7.7937321e+013
  3.5000000e-003  7.7853772e+013
  3.5050000e-003  7.7770530e+013
  3.5100000e-003  7.7687596e+013
  3.5150000e-003  7.7604966e+013
  3.5200000e-003  7.7522641e+013
  3.5250000e-003  7.7440619e+013
  3.5300000e-003  7.7358898e+013
  3.5350000e-003  7.7277478e+013
  3.5400000e-003  7.7196357e+013
  3.5450000e-003  7.7115534e+013
  3.5500000e-003  7.7035008e+013
  3.5550000e-003  7.6954778e+013
  3.5600000e-003  7.6874842e+013
  3.5650000e-003  7.6795199e+013
  3.5700000e-003  7.6715848e+013
  3.5750000e-003  7.6636788e+013
  3.5800000e-003  7.6558018e+013
  3.5850000e-003  7.6479536e+013
  3.5900000e-003  7.6401341e+013
  3.5950000e-003  7.6323433e+013
  3.6000000e-003  7.6245810e+013
  3.6050000e-003  7.6168470e+013
  3.6100000e-003  7.6091414e+013
  3.6150000e-003  7.6014639e+013
  3.6200000e-003  7.5938144e+013
  3.6250000e-003  7.5861929e+013
  3.6300000e-003  7.5785992e+013
  3.6350000e-003  7.5710332e+013
  3.6400000e-003  7.5634948e+013
  3.6450000e-003  7.5559839e+013
  3.6500000e-003  7.5485004e+013
  3.6550000e-003  7.5410442e+013
  3.6600000e-003  7.5336151e+013
  3.6650000e-003  7.5262131e+013
  3.6700000e-003  7.5188380e+013
  3.6750000e-003  7.5114898e+013
  3.6800000e-003  7.5041684e+013
  3.6850000e-003  7.4968735e+013
  3.6900000e-003  7.4896052e+013
  3.6950000e-003  7.4823633e+013
  3.7000000e-003  7.4751477e+013
  3.7050000e-003  7.4679583e+013
  3.7100000e-003  7.4607951e+013
  3.7150000e-003  7.4536578e+013
  3.7200000e-003  7.4465465e+013
  3.7250000e-003  7.4394609e+013
  3.7300000e-003  7.4324011e+013
  3.7350000e-003  7.4253668e+013
  3.7400000e-003  7.4183581e+013
  3.7450000e-003  7.4113747e+013
  3.7500000e-003  7.4044167e+013
  3.7550000e-003  7.3974839e+013
  3.7600000e-003  7.3905761e+013
  3.7650000e-003  7.3836934e+013
  3.7700000e-003  7.3768356e+013
  3.7750000e-003  7.3700026e+013
  3.7800000e-003  7.3631943e+013
  3.7850000e-003  7.3564106e+013
  3.7900000e-003  7.3496514e+013
  3.7950000e-003  7.3429167e+013
  3.8000000e-003  7.3362063e+013
  3.8050000e-003  7.3295202e+013
  3.8100000e-003  7.3228582e+013
  3.8150000e-003  7.3162202e+013
  3.8200000e-003  7.3096062e+013
  3.8250000e-003  7.3030161e+013
  3.8300000e-003  7.2964497e+013
  3.8350000e-003  7.2899071e+013
  3.8400000e-003  7.2833880e+013
  3.8450000e-003  7.2768924e+013
  3.8500000e-003  7.2704202e+013
  3.8550000e-003  7.2639714e+013
  3.8600000e-003  7.2575458e+013
  3.8650000e-003  7.2511433e+013
  3.8700000e-003  7.2447639e+013
  3.8750000e-003  7.2384074e+013
  3.8800000e-003  7.2320739e+013
  3.8850000e-003  7.2257631e+013
  3.8900000e-003  7.2194750e+013
  3.8950000e-003  7.2132095e+013
  3.9000000e-003  7.2069666e+013
  3.9050000e-003  7.2007461e+013
  3.9100000e-003  7.1945480e+013
  3.9150000e-003  7.1883722e+013
  3.9200000e-003  7.1822185e+013
  3.9250000e-003  7.1760869e+013
  3.9300000e-003  7.1699774e+013
  3.9350000e-003  7.1638898e+013
  3.9400000e-003  7.1578241e+013
  3.9450000e-003  7.1517801e+013
  3.9500000e-003  7.1457578e+013
  3.9550000e-003  7.1397572e+013
  3.9600000e-003  7.1337780e+013
  3.9650000e-003  7.1278203e+013
  3.9700000e-003  7.1218840e+013
  3.9750000e-003  7.1159690e+013
  3.9800000e-003  7.1100751e+013
  3.9850000e-003  7.1042024e+013
  3.9900000e-003  7.0983508e+013
  3.9950000e-003  7.0925201e+013
  4.0000000e-003  7.0867103e+013
  4.0050000e-003  7.0809213e+013
  4.0100000e-003  7.0751530e+013
  4.0150000e-003  7.0694054e+013
  4.0200000e-003  7.0636784e+013
  4.0250000e-003  7.0579719e+013
  4.0300000e-003  7.0522858e+013
  4.0350000e-003  7.0466200e+013
  4.0400000e-003  7.0409745e+013
  4.0450000e-003  7.0353493e+013
  4.0500000e-003  7.0297441e+013
  4.0550000e-003  7.0241590e+013
  4.0600000e-003  7.0185939e+013
  4.0650000e-003  7.0130486e+013
  4.0700000e-003  7.0075232e+013
  4.0750000e-003  7.0020176e+013
  4.0800000e-003  6.9965316e+013
  4.0850000e-003  6.9910653e+013
  4.0900000e-003  6.9856184e+013
  4.0950000e-003  6.9801911e+013
  4.1000000e-003  6.9747831e+013
  4.1050000e-003  6.9693944e+013
  4.1100000e-003  6.9640250e+013
  4.1150000e-003  6.9586748e+013
  4.1200000e-003  6.9533437e+013
  4.1250000e-003  6.9480316e+013
  4.1300000e-003  6.9427385e+013
  4.1350000e-003  6.9374643e+013
  4.1400000e-003  6.9322089e+013
  4.1450000e-003  6.9269723e+013
  4.1500000e-003  6.9217543e+013
  4.1550000e-003  6.9165550e+013
  4.1600000e-003  6.9113743e+013
  4.1650000e-003  6.9062120e+013
  4.1700000e-003  6.9010682e+013
  4.1750000e-003  6.8959427e+013
  4.1800000e-003  6.8908355e+013
  4.1850000e-003  6.8857465e+013
  4.1900000e-003  6.8806757e+013
  4.1950000e-003  6.8756229e+013
  4.2000000e-003  6.8705882e+013
  4.2050000e-003  6.8655714e+013
  4.2100000e-003  6.8605726e+013
  4.2150000e-003  6.8555915e+013
  4.2200000e-003  6.8506282e+013
  4.2250000e-003  6.8456827e+013
  4.2300000e-003  6.8407547e+013
  4.2350000e-003  6.8358443e+013
  4.2400000e-003  6.8309515e+013
  4.2450000e-003  6.8260760e+013
  4.2500000e-003  6.8212180e+013
  4.2550000e-003  6.8163773e+013
  4.2600000e-003  6.8115538e+013
  4.2650000e-003  6.8067475e+013
  4.2700000e-003  6.8019584e+013
  4.2750000e-003  6.7971864e+013
  4.2800000e-003  6.7924313e+013
  4.2850000e-003  6.7876932e+013
  4.2900000e-003  6.7829720e+013
  4.2950000e-003  6.7782676e+013
  4.3000000e-003  6.7735800e+013
  4.3050000e-003  6.7689091e+013
  4.3100000e-003  6.7642549e+013
  4.3150000e-003  6.7596172e+013
  4.3200000e-003  6.7549961e+013
  4.3250000e-003  6.7503914e+013
  4.3300000e-003  6.7458032e+013
  4.3350000e-003  6.7412313e+013
  4.3400000e-003  6.7366757e+013
  4.3450000e-003  6.7321364e+013
  4.3500000e-003  6.7276132e+013
  4.3550000e-003  6.7231061e+013
  4.3600000e-003  6.7186152e+013
  4.3650000e-003  6.7141402e+013
  4.3700000e-003  6.7096812e+013
  4.3750000e-003  6.7052381e+013
  4.3800000e-003  6.7008108e+013
  4.3850000e-003  6.6963994e+013
  4.3900000e-003  6.6920036e+013
  4.3950000e-003  6.6876235e+013
  4.4000000e-003  6.6832591e+013
  4.4050000e-003  6.6789102e+013
  4.4100000e-003  6.6745768e+013
  4.4150000e-003  6.6702589e+013
  4.4200000e-003  6.6659564e+013
  4.4250000e-003  6.6616692e+013
  4.4300000e-003  6.6573974e+013
  4.4350000e-003  6.6531407e+013
  4.4400000e-003  6.6488993e+013
  4.4450000e-003  6.6446730e+013
  4.4500000e-003  6.6404617e+013
  4.4550000e-003  6.6362655e+013
  4.4600000e-003  6.6320843e+013
  4.4650000e-003  6.6279180e+013
  4.4700000e-003  6.6237666e+013
  4.4750000e-003  6.6196300e+013
  4.4800000e-003  6.6155081e+013
  4.4850000e-003  6.6114010e+013
  4.4900000e-003  6.6073086e+013
  4.4950000e-003  6.6032307e+013
  4.5000000e-003  6.5991675e+013
  4.5050000e-003  6.5951187e+013
  4.5100000e-003  6.5910844e+013
  4.5150000e-003  6.5870645e+013
  4.5200000e-003  6.5830590e+013
  4.5250000e-003  6.5790678e+013
  4.5300000e-003  6.5750909e+013
  4.5350000e-003  6.5711282e+013
  4.5400000e-003  6.5671796e+013
  4.5450000e-003  6.5632452e+013
  4.5500000e-003  6.5593249e+013
  4.5550000e-003  6.5554185e+013
  4.5600000e-003  6.5515262e+013
  4.5650000e-003  6.5476477e+013
  4.5700000e-003  6.5437832e+013
  4.5750000e-003  6.5399324e+013
  4.5800000e-003  6.5360955e+013
  4.5850000e-003  6.5322723e+013
  4.5900000e-003  6.5284627e+013
  4.5950000e-003  6.5246669e+013
  4.6000000e-003  6.5208846e+013
  4.6050000e-003  6.5171158e+013
  4.6100000e-003  6.5133606e+013
  4.6150000e-003  6.5096188e+013
  4.6200000e-003  6.5058905e+013
  4.6250000e-003  6.5021754e+013
  4.6300000e-003  6.4984738e+013
  4.6350000e-003  6.4947854e+013
  4.6400000e-003  6.4911102e+013
  4.6450000e-003  6.4874482e+013
  4.6500000e-003  6.4837993e+013
  4.6550000e-003  6.4801635e+013
  4.6600000e-003  6.4765408e+013
  4.6650000e-003  6.4729311e+013
  4.6700000e-003  6.4693344e+013
  4.6750000e-003  6.4657505e+013
  4.6800000e-003  6.4621796e+013
  4.6850000e-003  6.4586215e+013
  4.6900000e-003  6.4550761e+013
  4.6950000e-003  6.4515435e+013
  4.7000000e-003  6.4480236e+013
  4.7050000e-003  6.4445164e+013
  4.7100000e-003  6.4410218e+013
  4.7150000e-003  6.4375397e+013
  4.7200000e-003  6.4340702e+013
  4.7250000e-003  6.4306132e+013
  4.7300000e-003  6.4271686e+013
  4.7350000e-003  6.4237365e+013
  4.7400000e-003  6.4203166e+013
  4.7450000e-003  6.4169092e+013
  4.7500000e-003  6.4135140e+013
  4.7550000e-003  6.4101310e+013
  4.7600000e-003  6.4067602e+013
  4.7650000e-003  6.4034016e+013
  4.7700000e-003  6.4000551e+013
  4.7750000e-003  6.3967207e+013
  4.7800000e-003  6.3933984e+013
  4.7850000e-003  6.3900880e+013
  4.7900000e-003  6.3867896e+013
  4.7950000e-003  6.3835031e+013
  4.8000000e-003  6.3802284e+013
  4.8050000e-003  6.3769656e+013
  4.8100000e-003  6.3737146e+013
  4.8150000e-003  6.3704754e+013
  4.8200000e-003  6.3672479e+013
  4.8250000e-003  6.3640321e+013
  4.8300000e-003  6.3608279e+013
  4.8350000e-003  6.3576353e+013
  4.8400000e-003  6.3544543e+013
  4.8450000e-003  6.3512848e+013
  4.8500000e-003  6.3481268e+013
  4.8550000e-003  6.3449803e+013
  4.8600000e-003  6.3418451e+013
  4.8650000e-003  6.3387214e+013
  4.8700000e-003  6.3356090e+013
  4.8750000e-003  6.3325078e+013
  4.8800000e-003  6.3294180e+013
  4.8850000e-003  6.3263394e+013
  4.8900000e-003  6.3232719e+013
  4.8950000e-003  6.3202156e+013
  4.9000000e-003  6.3171705e+013
  4.9050000e-003  6.3141364e+013
  4.9100000e-003  6.3111134e+013
  4.9150000e-003  6.3081013e+013
  4.9200000e-003  6.3051003e+013
  4.9250000e-003  6.3021101e+013
  4.9300000e-003  6.2991309e+013
  4.9350000e-003  6.2961625e+013
  4.9400000e-003  6.2932050e+013
  4.9450000e-003  6.2902583e+013
  4.9500000e-003  6.2873223e+013
  4.9550000e-003  6.2843970e+013
  4.9600000e-003  6.2814825e+013
  4.9650000e-003  6.2785785e+013
  4.9700000e-003  6.2756852e+013
  4.9750000e-003  6.2728025e+013
  4.9800000e-003  6.2699304e+013
  4.9850000e-003  6.2670687e+013
  4.9900000e-003  6.2642175e+013
  4.9950000e-003  6.2613768e+013
  5.0000000e-003  6.2585465e+013
  5.0050000e-003  6.2557266e+013
  5.0100000e-003  6.2529170e+013
  5.0150000e-003  6.2501177e+013
  5.0200000e-003  6.2473287e+013
  5.0250000e-003  6.2445500e+013
  5.0300000e-003  6.2417815e+013
  5.0350000e-003  6.2390231e+013
  5.0400000e-003  6.2362749e+013
  5.0450000e-003  6.2335368e+013
  5.0500000e-003  6.2308088e+013
  5.0550000e-003  6.2280908e+013
  5.0600000e-003  6.2253829e+013
  5.0650000e-003  6.2226849e+013
  5.0700000e-003  6.2199969e+013
  5.0750000e-003  6.2173188e+013
  5.0800000e-003  6.2146506e+013
  5.0850000e-003  6.2119923e+013
  5.0900000e-003  6.2093438e+013
  5.0950000e-003  6.2067051e+013
  5.1000000e-003  6.2040761e+013
  5.1050000e-003  6.2014569e+013
  5.1100000e-003  6.1988473e+013
  5.1150000e-003  6.1962475e+013
  5.1200000e-003  6.1936573e+013
  5.1250000e-003  6.1910767e+013
  5.1300000e-003  6.1885056e+013
  5.1350000e-003  6.1859441e+013
  5.1400000e-003  6.1833921e+013
  5.1450000e-003  6.1808497e+013
  5.1500000e-003  6.1783166e+013
  5.1550000e-003  6.1757930e+013
  5.1600000e-003  6.1732788e+013
  5.1650000e-003  6.1707740e+013
  5.1700000e-003  6.1682784e+013
  5.1750000e-003  6.1657922e+013
  5.1800000e-003  6.1633153e+013
  5.1850000e-003  6.1608476e+013
  5.1900000e-003  6.1583891e+013
  5.1950000e-003  6.1559399e+013
  5.2000000e-003  6.1534998e+013
  5.2050000e-003  6.1510688e+013
  5.2100000e-003  6.1486469e+013
  5.2150000e-003  6.1462341e+013
  5.2200000e-003  6.1438303e+013
  5.2250000e-003  6.1414355e+013
  5.2300000e-003  6.1390498e+013
  5.2350000e-003  6.1366730e+013
  5.2400000e-003  6.1343051e+013
  5.2450000e-003  6.1319461e+013
  5.2500000e-003  6.1295960e+013
  5.2550000e-003  6.1272547e+013
  5.2600000e-003  6.1249223e+013
  5.2650000e-003  6.1225987e+013
  5.2700000e-003  6.1202838e+013
  5.2750000e-003  6.1179776e+013
  5.2800000e-003  6.1156802e+013
  5.2850000e-003  6.1133914e+013
  5.2900000e-003  6.1111113e+013
  5.2950000e-003  6.1088399e+013
  5.3000000e-003  6.1065770e+013
  5.3050000e-003  6.1043227e+013
  5.3100000e-003  6.1020769e+013
  5.3150000e-003  6.0998397e+013
  5.3200000e-003  6.0976109e+013
  5.3250000e-003  6.0953907e+013
  5.3300000e-003  6.0931788e+013
  5.3350000e-003  6.0909754e+013
  5.3400000e-003  6.0887804e+013
  5.3450000e-003  6.0865937e+013
  5.3500000e-003  6.0844153e+013
  5.3550000e-003  6.0822453e+013
  5.3600000e-003  6.0800836e+013
  5.3650000e-003  6.0779301e+013
  5.3700000e-003  6.0757848e+013
  5.3750000e-003  6.0736478e+013
  5.3800000e-003  6.0715189e+013
  5.3850000e-003  6.0693982e+013
  5.3900000e-003  6.0672856e+013
  5.3950000e-003  6.0651811e+013
  5.4000000e-003  6.0630847e+013
  5.4050000e-003  6.0609964e+013
  5.4100000e-003  6.0589161e+013
  5.4150000e-003  6.0568438e+013
  5.4200000e-003  6.0547794e+013
  5.4250000e-003  6.0527231e+013
  5.4300000e-003  6.0506746e+013
  5.4350000e-003  6.0486341e+013
  5.4400000e-003  6.0466015e+013
  5.4450000e-003  6.0445767e+013
  5.4500000e-003  6.0425597e+013
  5.4550000e-003  6.0405506e+013
  5.4600000e-003  6.0385492e+013
  5.4650000e-003  6.0365556e+013
  5.4700000e-003  6.0345698e+013
  5.4750000e-003  6.0325916e+013
  5.4800000e-003  6.0306212e+013
  5.4850000e-003  6.0286584e+013
  5.4900000e-003  6.0267033e+013
  5.4950000e-003  6.0247557e+013
  5.5000000e-003  6.0228158e+013
  5.5050000e-003  6.0208835e+013
  5.5100000e-003  6.0189587e+013
  5.5150000e-003  6.0170414e+013
  5.5200000e-003  6.0151317e+013
  5.5250000e-003  6.0132294e+013
  5.5300000e-003  6.0113346e+013
  5.5350000e-003  6.0094472e+013
  5.5400000e-003  6.0075672e+013
  5.5450000e-003  6.0056946e+013
  5.5500000e-003  6.0038294e+013
  5.5550000e-003  6.0019716e+013
  5.5600000e-003  6.0001210e+013
  5.5650000e-003  5.9982778e+013
  5.5700000e-003  5.9964418e+013
  5.5750000e-003  5.9946131e+013
  5.5800000e-003  5.9927917e+013
  5.5850000e-003  5.9909774e+013
  5.5900000e-003  5.9891703e+013
  5.5950000e-003  5.9873705e+013
  5.6000000e-003  5.9855777e+013
  5.6050000e-003  5.9837921e+013
  5.6100000e-003  5.9820136e+013
  5.6150000e-003  5.9802422e+013
  5.6200000e-003  5.9784778e+013
  5.6250000e-003  5.9767205e+013
  5.6300000e-003  5.9749702e+013
  5.6350000e-003  5.9732269e+013
  5.6400000e-003  5.9714905e+013
  5.6450000e-003  5.9697612e+013
  5.6500000e-003  5.9680387e+013
  5.6550000e-003  5.9663232e+013
  5.6600000e-003  5.9646146e+013
  5.6650000e-003  5.9629128e+013
  5.6700000e-003  5.9612179e+013
  5.6750000e-003  5.9595299e+013
  5.6800000e-003  5.9578486e+013
  5.6850000e-003  5.9561741e+013
  5.6900000e-003  5.9545064e+013
  5.6950000e-003  5.9528455e+013
  5.7000000e-003  5.9511913e+013
  5.7050000e-003  5.9495437e+013
  5.7100000e-003  5.9479029e+013
  5.7150000e-003  5.9462688e+013
  5.7200000e-003  5.9446413e+013
  5.7250000e-003  5.9430204e+013
  5.7300000e-003  5.9414061e+013
  5.7350000e-003  5.9397985e+013
  5.7400000e-003  5.9381974e+013
  5.7450000e-003  5.9366028e+013
  5.7500000e-003  5.9350148e+013
  5.7550000e-003  5.9334333e+013
  5.7600000e-003  5.9318583e+013
  5.7650000e-003  5.9302897e+013
  5.7700000e-003  5.9287276e+013
  5.7750000e-003  5.9271720e+013
  5.7800000e-003  5.9256228e+013
  5.7850000e-003  5.9240799e+013
  5.7900000e-003  5.9225434e+013
  5.7950000e-003  5.9210133e+013
  5.8000000e-003  5.9194896e+013
  5.8050000e-003  5.9179721e+013
  5.8100000e-003  5.9164610e+013
  5.8150000e-003  5.9149561e+013
  5.8200000e-003  5.9134575e+013
  5.8250000e-003  5.9119652e+013
  5.8300000e-003  5.9104791e+013
  5.8350000e-003  5.9089992e+013
  5.8400000e-003  5.9075254e+013
  5.8450000e-003  5.9060579e+013
  5.8500000e-003  5.9045965e+013
  5.8550000e-003  5.9031412e+013
  5.8600000e-003  5.9016921e+013
  5.8650000e-003  5.9002491e+013
  5.8700000e-003  5.8988121e+013
  5.8750000e-003  5.8973812e+013
  5.8800000e-003  5.8959564e+013
  5.8850000e-003  5.8945376e+013
  5.8900000e-003  5.8931248e+013
  5.8950000e-003  5.8917180e+013
  5.9000000e-003  5.8903171e+013
  5.9050000e-003  5.8889222e+013
  5.9100000e-003  5.8875333e+013
  5.9150000e-003  5.8861503e+013
  5.9200000e-003  5.8847732e+013
  5.9250000e-003  5.8834020e+013
  5.9300000e-003  5.8820366e+013
  5.9350000e-003  5.8806771e+013
  5.9400000e-003  5.8793235e+013
  5.9450000e-003  5.8779756e+013
  5.9500000e-003  5.8766336e+013
  5.9550000e-003  5.8752974e+013
  5.9600000e-003  5.8739669e+013
  5.9650000e-003  5.8726422e+013
  5.9700000e-003  5.8713232e+013
  5.9750000e-003  5.8700099e+013
  5.9800000e-003  5.8687023e+013
  5.9850000e-003  5.8674005e+013
  5.9900000e-003  5.8661042e+013
  5.9950000e-003  5.8648137e+013
  6.0000000e-003  5.8635288e+013
  6.0050000e-003  5.8622495e+013
  6.0100000e-003  5.8609758e+013
  6.0150000e-003  5.8597076e+013
  6.0200000e-003  5.8584451e+013
  6.0250000e-003  5.8571881e+013
  6.0300000e-003  5.8559367e+013
  6.0350000e-003  5.8546907e+013
  6.0400000e-003  5.8534503e+013
  6.0450000e-003  5.8522154e+013
  6.0500000e-003  5.8509859e+013
  6.0550000e-003  5.8497619e+013
  6.0600000e-003  5.8485434e+013
  6.0650000e-003  5.8473302e+013
  6.0700000e-003  5.8461225e+013
  6.0750000e-003  5.8449202e+013
  6.0800000e-003  5.8437232e+013
  6.0850000e-003  5.8425317e+013
  6.0900000e-003  5.8413454e+013
  6.0950000e-003  5.8401645e+013
  6.1000000e-003  5.8389890e+013
  6.1050000e-003  5.8378187e+013
  6.1100000e-003  5.8366537e+013
  6.1150000e-003  5.8354940e+013
  6.1200000e-003  5.8343395e+013
  6.1250000e-003  5.8331903e+013
  6.1300000e-003  5.8320463e+013
  6.1350000e-003  5.8309076e+013
  6.1400000e-003  5.8297740e+013
  6.1450000e-003  5.8286456e+013
  6.1500000e-003  5.8275224e+013
  6.1550000e-003  5.8264043e+013
  6.1600000e-003  5.8252914e+013
  6.1650000e-003  5.8241836e+013
  6.1700000e-003  5.8230808e+013
  6.1750000e-003  5.8219832e+013
  6.1800000e-003  5.8208907e+013
  6.1850000e-003  5.8198032e+013
  6.1900000e-003  5.8187208e+013
  6.1950000e-003  5.8176434e+013
  6.2000000e-003  5.8165711e+013
  6.2050000e-003  5.8155037e+013
  6.2100000e-003  5.8144414e+013
  6.2150000e-003  5.8133840e+013
  6.2200000e-003  5.8123316e+013
  6.2250000e-003  5.8112841e+013
  6.2300000e-003  5.8102416e+013
  6.2350000e-003  5.8092040e+013
  6.2400000e-003  5.8081713e+013
  6.2450000e-003  5.8071435e+013
  6.2500000e-003  5.8061205e+013
  6.2550000e-003  5.8051025e+013
  6.2600000e-003  5.8040893e+013
  6.2650000e-003  5.8030809e+013
  6.2700000e-003  5.8020773e+013
  6.2750000e-003  5.8010786e+013
  6.2800000e-003  5.8000847e+013
  6.2850000e-003  5.7990955e+013
  6.2900000e-003  5.7981111e+013
  6.2950000e-003  5.7971315e+013
  6.3000000e-003  5.7961566e+013
  6.3050000e-003  5.7951865e+013
  6.3100000e-003  5.7942210e+013
  6.3150000e-003  5.7932603e+013
  6.3200000e-003  5.7923043e+013
  6.3250000e-003  5.7913529e+013
  6.3300000e-003  5.7904062e+013
  6.3350000e-003  5.7894641e+013
  6.3400000e-003  5.7885267e+013
  6.3450000e-003  5.7875939e+013
  6.3500000e-003  5.7866658e+013
  6.3550000e-003  5.7857422e+013
  6.3600000e-003  5.7848232e+013
  6.3650000e-003  5.7839088e+013
  6.3700000e-003  5.7829989e+013
  6.3750000e-003  5.7820936e+013
  6.3800000e-003  5.7811928e+013
  6.3850000e-003  5.7802965e+013
  6.3900000e-003  5.7794048e+013
  6.3950000e-003  5.7785175e+013
  6.4000000e-003  5.7776347e+013
  6.4050000e-003  5.7767564e+013
  6.4100000e-003  5.7758826e+013
  6.4150000e-003  5.7750132e+013
  6.4200000e-003  5.7741482e+013
  6.4250000e-003  5.7732876e+013
  6.4300000e-003  5.7724315e+013
  6.4350000e-003  5.7715797e+013
  6.4400000e-003  5.7707324e+013
  6.4450000e-003  5.7698894e+013
  6.4500000e-003  5.7690507e+013
  6.4550000e-003  5.7682165e+013
  6.4600000e-003  5.7673865e+013
  6.4650000e-003  5.7665609e+013
  6.4700000e-003  5.7657395e+013
  6.4750000e-003  5.7649225e+013
  6.4800000e-003  5.7641098e+013
  6.4850000e-003  5.7633013e+013
  6.4900000e-003  5.7624971e+013
  6.4950000e-003  5.7616972e+013
  6.5000000e-003  5.7609015e+013
  6.5050000e-003  5.7601100e+013
  6.5100000e-003  5.7593227e+013
  6.5150000e-003  5.7585396e+013
  6.5200000e-003  5.7577608e+013
  6.5250000e-003  5.7569861e+013
  6.5300000e-003  5.7562155e+013
  6.5350000e-003  5.7554492e+013
  6.5400000e-003  5.7546870e+013
  6.5450000e-003  5.7539289e+013
  6.5500000e-003  5.7531749e+013
  6.5550000e-003  5.7524250e+013
  6.5600000e-003  5.7516793e+013
  6.5650000e-003  5.7509376e+013
  6.5700000e-003  5.7502000e+013
  6.5750000e-003  5.7494665e+013
  6.5800000e-003  5.7487370e+013
  6.5850000e-003  5.7480116e+013
  6.5900000e-003  5.7472902e+013
  6.5950000e-003  5.7465728e+013
  6.6000000e-003  5.7458595e+013
  6.6050000e-003  5.7451501e+013
  6.6100000e-003  5.7444447e+013
  6.6150000e-003  5.7437433e+013
  6.6200000e-003  5.7430459e+013
  6.6250000e-003  5.7423524e+013
  6.6300000e-003  5.7416628e+013
  6.6350000e-003  5.7409772e+013
  6.6400000e-003  5.7402956e+013
  6.6450000e-003  5.7396178e+013
  6.6500000e-003  5.7389439e+013
  6.6550000e-003  5.7382739e+013
  6.6600000e-003  5.7376078e+013
  6.6650000e-003  5.7369456e+013
  6.6700000e-003  5.7362872e+013
  6.6750000e-003  5.7356327e+013
  6.6800000e-003  5.7349820e+013
  6.6850000e-003  5.7343351e+013
  6.6900000e-003  5.7336921e+013
  6.6950000e-003  5.7330528e+013
  6.7000000e-003  5.7324174e+013
  6.7050000e-003  5.7317857e+013
  6.7100000e-003  5.7311578e+013
  6.7150000e-003  5.7305337e+013
  6.7200000e-003  5.7299133e+013
  6.7250000e-003  5.7292967e+013
  6.7300000e-003  5.7286838e+013
  6.7350000e-003  5.7280746e+013
  6.7400000e-003  5.7274691e+013
  6.7450000e-003  5.7268673e+013
  6.7500000e-003  5.7262693e+013
  6.7550000e-003  5.7256749e+013
  6.7600000e-003  5.7250842e+013
  6.7650000e-003  5.7244971e+013
  6.7700000e-003  5.7239137e+013
  6.7750000e-003  5.7233339e+013
  6.7800000e-003  5.7227578e+013
  6.7850000e-003  5.7221853e+013
  6.7900000e-003  5.7216164e+013
  6.7950000e-003  5.7210511e+013
  6.8000000e-003  5.7204894e+013
  6.8050000e-003  5.7199313e+013
  6.8100000e-003  5.7193767e+013
  6.8150000e-003  5.7188258e+013
  6.8200000e-003  5.7182783e+013
  6.8250000e-003  5.7177344e+013
  6.8300000e-003  5.7171941e+013
  6.8350000e-003  5.7166573e+013
  6.8400000e-003  5.7161240e+013
  6.8450000e-003  5.7155942e+013
  6.8500000e-003  5.7150679e+013
  6.8550000e-003  5.7145450e+013
  6.8600000e-003  5.7140257e+013
  6.8650000e-003  5.7135098e+013
  6.8700000e-003  5.7129974e+013
  6.8750000e-003  5.7124884e+013
  6.8800000e-003  5.7119829e+013
  6.8850000e-003  5.7114808e+013
  6.8900000e-003  5.7109821e+013
  6.8950000e-003  5.7104869e+013
  6.9000000e-003  5.7099950e+013
  6.9050000e-003  5.7095065e+013
  6.9100000e-003  5.7090215e+013
  6.9150000e-003  5.7085398e+013
  6.9200000e-003  5.7080614e+013
  6.9250000e-003  5.7075864e+013
  6.9300000e-003  5.7071148e+013
  6.9350000e-003  5.7066465e+013
  6.9400000e-003  5.7061815e+013
  6.9450000e-003  5.7057199e+013
  6.9500000e-003  5.7052616e+013
  6.9550000e-003  5.7048065e+013
  6.9600000e-003  5.7043548e+013
  6.9650000e-003  5.7039063e+013
  6.9700000e-003  5.7034612e+013
  6.9750000e-003  5.7030193e+013
  6.9800000e-003  5.7025806e+013
  6.9850000e-003  5.7021452e+013
  6.9900000e-003  5.7017131e+013
  6.9950000e-003  5.7012841e+013
  7.0000000e-003  5.7008584e+013
  7.0050000e-003  5.7004360e+013
  7.0100000e-003  5.7000167e+013
  7.0150000e-003  5.6996006e+013
  7.0200000e-003  5.6991877e+013
  7.0250000e-003  5.6987780e+013
  7.0300000e-003  5.6983715e+013
  7.0350000e-003  5.6979681e+013
  7.0400000e-003  5.6975679e+013
  7.0450000e-003  5.6971709e+013
  7.0500000e-003  5.6967769e+013
  7.0550000e-003  5.6963861e+013
  7.0600000e-003  5.6959985e+013
  7.0650000e-003  5.6956139e+013
  7.0700000e-003  5.6952324e+013
  7.0750000e-003  5.6948541e+013
  7.0800000e-003  5.6944788e+013
  7.0850000e-003  5.6941066e+013
  7.0900000e-003  5.6937375e+013
  7.0950000e-003  5.6933715e+013
  7.1000000e-003  5.6930085e+013
  7.1050000e-003  5.6926485e+013
  7.1100000e-003  5.6922916e+013
  7.1150000e-003  5.6919378e+013
  7.1200000e-003  5.6915869e+013
  7.1250000e-003  5.6912391e+013
  7.1300000e-003  5.6908943e+013
  7.1350000e-003  5.6905524e+013
  7.1400000e-003  5.6902136e+013
  7.1450000e-003  5.6898777e+013
  7.1500000e-003  5.6895449e+013
  7.1550000e-003  5.6892150e+013
  7.1600000e-003  5.6888880e+013
  7.1650000e-003  5.6885640e+013
  7.1700000e-003  5.6882430e+013
  7.1750000e-003  5.6879249e+013
  7.1800000e-003  5.6876097e+013
  7.1850000e-003  5.6872974e+013
  7.1900000e-003  5.6869881e+013
  7.1950000e-003  5.6866816e+013
  7.2000000e-003  5.6863781e+013
  7.2050000e-003  5.6860774e+013
  7.2100000e-003  5.6857796e+013
  7.2150000e-003  5.6854848e+013
  7.2200000e-003  5.6851927e+013
  7.2250000e-003  5.6849036e+013
  7.2300000e-003  5.6846172e+013
  7.2350000e-003  5.6843338e+013
  7.2400000e-003  5.6840531e+013
  7.2450000e-003  5.6837753e+013
  7.2500000e-003  5.6835003e+013
  7.2550000e-003  5.6832282e+013
  7.2600000e-003  5.6829588e+013
  7.2650000e-003  5.6826922e+013
  7.2700000e-003  5.6824285e+013
  7.2750000e-003  5.6821675e+013
  7.2800000e-003  5.6819093e+013
  7.2850000e-003  5.6816538e+013
  7.2900000e-003  5.6814012e+013
  7.2950000e-003  5.6811513e+013
  7.3000000e-003  5.6809041e+013
  7.3050000e-003  5.6806597e+013
  7.3100000e-003  5.6804180e+013
  7.3150000e-003  5.6801790e+013
  7.3200000e-003  5.6799428e+013
  7.3250000e-003  5.6797092e+013
  7.3300000e-003  5.6794784e+013
  7.3350000e-003  5.6792503e+013
  7.3400000e-003  5.6790249e+013
  7.3450000e-003  5.6788021e+013
  7.3500000e-003  5.6785820e+013
  7.3550000e-003  5.6783646e+013
  7.3600000e-003  5.6781499e+013
  7.3650000e-003  5.6779378e+013
  7.3700000e-003  5.6777284e+013
  7.3750000e-003  5.6775216e+013
  7.3800000e-003  5.6773174e+013
  7.3850000e-003  5.6771159e+013
  7.3900000e-003  5.6769170e+013
  7.3950000e-003  5.6767207e+013
  7.4000000e-003  5.6765270e+013
  7.4050000e-003  5.6763360e+013
  7.4100000e-003  5.6761475e+013
  7.4150000e-003  5.6759616e+013
  7.4200000e-003  5.6757783e+013
  7.4250000e-003  5.6755975e+013
  7.4300000e-003  5.6754193e+013
  7.4350000e-003  5.6752437e+013
  7.4400000e-003  5.6750707e+013
  7.4450000e-003  5.6749002e+013
  7.4500000e-003  5.6747322e+013
  7.4550000e-003  5.6745668e+013
  7.4600000e-003  5.6744039e+013
  7.4650000e-003  5.6742435e+013
  7.4700000e-003  5.6740856e+013
  7.4750000e-003  5.6739302e+013
  7.4800000e-003  5.6737774e+013
  7.4850000e-003  5.6736270e+013
  7.4900000e-003  5.6734791e+013
  7.4950000e-003  5.6733337e+013
  7.5000000e-003  5.6731908e+013
  7.5050000e-003  5.6730504e+013
  7.5100000e-003  5.6729124e+013
  7.5150000e-003  5.6727769e+013
  7.5200000e-003  5.6726438e+013
  7.5250000e-003  5.6725131e+013
  7.5300000e-003  5.6723849e+013
  7.5350000e-003  5.6722592e+013
  7.5400000e-003  5.6721358e+013
  7.5450000e-003  5.6720149e+013
  7.5500000e-003  5.6718964e+013
  7.5550000e-003  5.6717803e+013
  7.5600000e-003  5.6716666e+013
  7.5650000e-003  5.6715552e+013
  7.5700000e-003  5.6714463e+013
  7.5750000e-003  5.6713398e+013
  7.5800000e-003  5.6712356e+013
  7.5850000e-003  5.6711338e+013
  7.5900000e-003  5.6710344e+013
  7.5950000e-003  5.6709373e+013
  7.6000000e-003  5.6708425e+013
  7.6050000e-003  5.6707502e+013
  7.6100000e-003  5.6706601e+013
  7.6150000e-003  5.6705724e+013
  7.6200000e-003  5.6704870e+013
  7.6250000e-003  5.6704039e+013
  7.6300000e-003  5.6703232e+013
  7.6350000e-003  5.6702447e+013
  7.6400000e-003  5.6701686e+013
  7.6450000e-003  5.6700947e+013
  7.6500000e-003  5.6700232e+013
  7.6550000e-003  5.6699539e+013
  7.6600000e-003  5.6698869e+013
  7.6650000e-003  5.6698222e+013
  7.6700000e-003  5.6697597e+013
  7.6750000e-003  5.6696995e+013
  7.6800000e-003  5.6696416e+013
  7.6850000e-003  5.6695859e+013
  7.6900000e-003  5.6695325e+013
  7.6950000e-003  5.6694812e+013
  7.7000000e-003  5.6694323e+013
  7.7050000e-003  5.6693855e+013
  7.7100000e-003  5.6693410e+013
  7.7150000e-003  5.6692987e+013
  7.7200000e-003  5.6692586e+013
  7.7250000e-003  5.6692207e+013
  7.7300000e-003  5.6691850e+013
  7.7350000e-003  5.6691515e+013
  7.7400000e-003  5.6691201e+013
  7.7450000e-003  5.6690910e+013
  7.7500000e-003  5.6690640e+013
  7.7550000e-003  5.6690392e+013
  7.7600000e-003  5.6690166e+013
  7.7650000e-003  5.6689961e+013
  7.7700000e-003  5.6689778e+013
  7.7750000e-003  5.6689617e+013
  7.7800000e-003  5.6689476e+013
  7.7850000e-003  5.6689357e+013
  7.7900000e-003  5.6689260e+013
  7.7950000e-003  5.6689184e+013
  7.8000000e-003  5.6689128e+013
  7.8050000e-003  5.6689094e+013
  7.8100000e-003  5.6689082e+013
  7.8150000e-003  5.6689090e+013
  7.8200000e-003  5.6689119e+013
  7.8250000e-003  5.6689169e+013
  7.8300000e-003  5.6689240e+013
  7.8350000e-003  5.6689332e+013
  7.8400000e-003  5.6689444e+013
  7.8450000e-003  5.6689578e+013
  7.8500000e-003  5.6689732e+013
  7.8550000e-003  5.6689906e+013
  7.8600000e-003  5.6690102e+013
  7.8650000e-003  5.6690317e+013
  7.8700000e-003  5.6690553e+013
  7.8750000e-003  5.6690810e+013
  7.8800000e-003  5.6691087e+013
  7.8850000e-003  5.6691384e+013
  7.8900000e-003  5.6691702e+013
  7.8950000e-003  5.6692039e+013
  7.9000000e-003  5.6692397e+013
  7.9050000e-003  5.6692775e+013
  7.9100000e-003  5.6693173e+013
  7.9150000e-003  5.6693591e+013
  7.9200000e-003  5.6694029e+013
  7.9250000e-003  5.6694487e+013
  7.9300000e-003  5.6694964e+013
  7.9350000e-003  5.6695462e+013
  7.9400000e-003  5.6695979e+013
  7.9450000e-003  5.6696516e+013
  7.9500000e-003  5.6697073e+013
  7.9550000e-003  5.6697649e+013
  7.9600000e-003  5.6698244e+013
  7.9650000e-003  5.6698860e+013
  7.9700000e-003  5.6699494e+013
  7.9750000e-003  5.6700148e+013
  7.9800000e-003  5.6700822e+013
  7.9850000e-003  5.6701514e+013
  7.9900000e-003  5.6702226e+013
  7.9950000e-003  5.6702957e+013
  8.0000000e-003  5.6703708e+013
  8.0050000e-003  5.6704477e+013
  8.0100000e-003  5.6705266e+013
  8.0150000e-003  5.6706073e+013
  8.0200000e-003  5.6706900e+013
  8.0250000e-003  5.6707745e+013
  8.0300000e-003  5.6708609e+013
  8.0350000e-003  5.6709492e+013
  8.0400000e-003  5.6710394e+013
  8.0450000e-003  5.6711314e+013
  8.0500000e-003  5.6712254e+013
  8.0550000e-003  5.6713211e+013
  8.0600000e-003  5.6714188e+013
  8.0650000e-003  5.6715183e+013
  8.0700000e-003  5.6716196e+013
  8.0750000e-003  5.6717228e+013
  8.0800000e-003  5.6718278e+013
  8.0850000e-003  5.6719347e+013
  8.0900000e-003  5.6720434e+013
  8.0950000e-003  5.6721539e+013
  8.1000000e-003  5.6722662e+013
  8.1050000e-003  5.6723804e+013
  8.1100000e-003  5.6724963e+013
  8.1150000e-003  5.6726141e+013
  8.1200000e-003  5.6727337e+013
  8.1250000e-003  5.6728550e+013
  8.1300000e-003  5.6729782e+013
  8.1350000e-003  5.6731032e+013
  8.1400000e-003  5.6732299e+013
  8.1450000e-003  5.6733584e+013
  8.1500000e-003  5.6734887e+013
  8.1550000e-003  5.6736208e+013
  8.1600000e-003  5.6737546e+013
  8.1650000e-003  5.6738902e+013
  8.1700000e-003  5.6740275e+013
  8.1750000e-003  5.6741667e+013
  8.1800000e-003  5.6743075e+013
  8.1850000e-003  5.6744501e+013
  8.1900000e-003  5.6745944e+013
  8.1950000e-003  5.6747405e+013
  8.2000000e-003  5.6748883e+013
  8.2050000e-003  5.6750379e+013
  8.2100000e-003  5.6751891e+013
  8.2150000e-003  5.6753421e+013
  8.2200000e-003  5.6754968e+013
  8.2250000e-003  5.6756532e+013
  8.2300000e-003  5.6758113e+013
  8.2350000e-003  5.6759711e+013
  8.2400000e-003  5.6761326e+013
  8.2450000e-003  5.6762958e+013
  8.2500000e-003  5.6764607e+013
  8.2550000e-003  5.6766272e+013
  8.2600000e-003  5.6767955e+013
  8.2650000e-003  5.6769654e+013
  8.2700000e-003  5.6771370e+013
  8.2750000e-003  5.6773103e+013
  8.2800000e-003  5.6774852e+013
  8.2850000e-003  5.6776618e+013
  8.2900000e-003  5.6778400e+013
  8.2950000e-003  5.6780199e+013
  8.3000000e-003  5.6782015e+013
  8.3050000e-003  5.6783847e+013
  8.3100000e-003  5.6785695e+013
  8.3150000e-003  5.6787559e+013
  8.3200000e-003  5.6789440e+013
  8.3250000e-003  5.6791337e+013
  8.3300000e-003  5.6793251e+013
  8.3350000e-003  5.6795180e+013
  8.3400000e-003  5.6797126e+013
  8.3450000e-003  5.6799088e+013
  8.3500000e-003  5.6801066e+013
  8.3550000e-003  5.6803059e+013
  8.3600000e-003  5.6805069e+013
  8.3650000e-003  5.6807095e+013
  8.3700000e-003  5.6809137e+013
  8.3750000e-003  5.6811194e+013
  8.3800000e-003  5.6813268e+013
  8.3850000e-003  5.6815357e+013
  8.3900000e-003  5.6817462e+013
  8.3950000e-003  5.6819582e+013
  8.4000000e-003  5.6821719e+013
  8.4050000e-003  5.6823871e+013
  8.4100000e-003  5.6826038e+013
  8.4150000e-003  5.6828221e+013
  8.4200000e-003  5.6830420e+013
  8.4250000e-003  5.6832634e+013
  8.4300000e-003  5.6834863e+013
  8.4350000e-003  5.6837108e+013
  8.4400000e-003  5.6839368e+013
  8.4450000e-003  5.6841644e+013
  8.4500000e-003  5.6843935e+013
  8.4550000e-003  5.6846241e+013
  8.4600000e-003  5.6848562e+013
  8.4650000e-003  5.6850899e+013
  8.4700000e-003  5.6853250e+013
  8.4750000e-003  5.6855617e+013
  8.4800000e-003  5.6857999e+013
  8.4850000e-003  5.6860395e+013
  8.4900000e-003  5.6862807e+013
  8.4950000e-003  5.6865234e+013
  8.5000000e-003  5.6867675e+013
  8.5050000e-003  5.6870132e+013
  8.5100000e-003  5.6872603e+013
  8.5150000e-003  5.6875089e+013
  8.5200000e-003  5.6877590e+013
  8.5250000e-003  5.6880106e+013
  8.5300000e-003  5.6882636e+013
  8.5350000e-003  5.6885181e+013
  8.5400000e-003  5.6887740e+013
  8.5450000e-003  5.6890314e+013
  8.5500000e-003  5.6892903e+013
  8.5550000e-003  5.6895506e+013
  8.5600000e-003  5.6898124e+013
  8.5650000e-003  5.6900756e+013
  8.5700000e-003  5.6903402e+013
  8.5750000e-003  5.6906063e+013
  8.5800000e-003  5.6908738e+013
  8.5850000e-003  5.6911428e+013
  8.5900000e-003  5.6914131e+013
  8.5950000e-003  5.6916849e+013
  8.6000000e-003  5.6919581e+013
  8.6050000e-003  5.6922327e+013
  8.6100000e-003  5.6925088e+013
  8.6150000e-003  5.6927862e+013
  8.6200000e-003  5.6930651e+013
  8.6250000e-003  5.6933453e+013
  8.6300000e-003  5.6936270e+013
  8.6350000e-003  5.6939100e+013
  8.6400000e-003  5.6941944e+013
  8.6450000e-003  5.6944803e+013
  8.6500000e-003  5.6947675e+013
  8.6550000e-003  5.6950561e+013
  8.6600000e-003  5.6953460e+013
  8.6650000e-003  5.6956373e+013
  8.6700000e-003  5.6959301e+013
  8.6750000e-003  5.6962241e+013
  8.6800000e-003  5.6965196e+013
  8.6850000e-003  5.6968164e+013
  8.6900000e-003  5.6971145e+013
  8.6950000e-003  5.6974140e+013
  8.7000000e-003  5.6977149e+013
  8.7050000e-003  5.6980171e+013
  8.7100000e-003  5.6983206e+013
  8.7150000e-003  5.6986255e+013
  8.7200000e-003  5.6989318e+013
  8.7250000e-003  5.6992393e+013
  8.7300000e-003  5.6995482e+013
  8.7350000e-003  5.6998584e+013
  8.7400000e-003  5.7001700e+013
  8.7450000e-003  5.7004828e+013
  8.7500000e-003  5.7007970e+013
  8.7550000e-003  5.7011125e+013
  8.7600000e-003  5.7014293e+013
  8.7650000e-003  5.7017474e+013
  8.7700000e-003  5.7020668e+013
  8.7750000e-003  5.7023875e+013
  8.7800000e-003  5.7027096e+013
  8.7850000e-003  5.7030329e+013
  8.7900000e-003  5.7033575e+013
  8.7950000e-003  5.7036834e+013
  8.8000000e-003  5.7040106e+013
  8.8050000e-003  5.7043390e+013
  8.8100000e-003  5.7046687e+013
  8.8150000e-003  5.7049998e+013
  8.8200000e-003  5.7053321e+013
  8.8250000e-003  5.7056656e+013
  8.8300000e-003  5.7060004e+013
  8.8350000e-003  5.7063365e+013
  8.8400000e-003  5.7066739e+013
  8.8450000e-003  5.7070125e+013
  8.8500000e-003  5.7073523e+013
  8.8550000e-003  5.7076934e+013
  8.8600000e-003  5.7080358e+013
  8.8650000e-003  5.7083794e+013
  8.8700000e-003  5.7087243e+013
  8.8750000e-003  5.7090703e+013
  8.8800000e-003  5.7094177e+013
  8.8850000e-003  5.7097662e+013
  8.8900000e-003  5.7101160e+013
  8.8950000e-003  5.7104670e+013
  8.9000000e-003  5.7108192e+013
  8.9050000e-003  5.7111727e+013
  8.9100000e-003  5.7115274e+013
  8.9150000e-003  5.7118833e+013
  8.9200000e-003  5.7122404e+013
  8.9250000e-003  5.7125987e+013
  8.9300000e-003  5.7129582e+013
  8.9350000e-003  5.7133189e+013
  8.9400000e-003  5.7136808e+013
  8.9450000e-003  5.7140439e+013
  8.9500000e-003  5.7144082e+013
  8.9550000e-003  5.7147737e+013
  8.9600000e-003  5.7151404e+013
  8.9650000e-003  5.7155083e+013
  8.9700000e-003  5.7158774e+013
  8.9750000e-003  5.7162476e+013
  8.9800000e-003  5.7166190e+013
  8.9850000e-003  5.7169916e+013
  8.9900000e-003  5.7173654e+013
  8.9950000e-003  5.7177403e+013
  9.0000000e-003  5.7181164e+013
  9.0050000e-003  5.7184936e+013
  9.0100000e-003  5.7188720e+013
  9.0150000e-003  5.7192516e+013
  9.0200000e-003  5.7196323e+013
  9.0250000e-003  5.7200142e+013
  9.0300000e-003  5.7203972e+013
  9.0350000e-003  5.7207814e+013
  9.0400000e-003  5.7211667e+013
  9.0450000e-003  5.7215532e+013
  9.0500000e-003  5.7219408e+013
  9.0550000e-003  5.7223295e+013
  9.0600000e-003  5.7227194e+013
  9.0650000e-003  5.7231103e+013
  9.0700000e-003  5.7235025e+013
  9.0750000e-003  5.7238957e+013
  9.0800000e-003  5.7242900e+013
  9.0850000e-003  5.7246855e+013
  9.0900000e-003  5.7250821e+013
  9.0950000e-003  5.7254798e+013
  9.1000000e-003  5.7258786e+013
  9.1050000e-003  5.7262785e+013
  9.1100000e-003  5.7266796e+013
  9.1150000e-003  5.7270817e+013
  9.1200000e-003  5.7274849e+013
  9.1250000e-003  5.7278892e+013
  9.1300000e-003  5.7282947e+013
  9.1350000e-003  5.7287012e+013
  9.1400000e-003  5.7291088e+013
  9.1450000e-003  5.7295174e+013
  9.1500000e-003  5.7299272e+013
  9.1550000e-003  5.7303381e+013
  9.1600000e-003  5.7307500e+013
  9.1650000e-003  5.7311630e+013
  9.1700000e-003  5.7315770e+013
  9.1750000e-003  5.7319922e+013
  9.1800000e-003  5.7324084e+013
  9.1850000e-003  5.7328257e+013
  9.1900000e-003  5.7332440e+013
  9.1950000e-003  5.7336634e+013
  9.2000000e-003  5.7340838e+013
  9.2050000e-003  5.7345053e+013
  9.2100000e-003  5.7349279e+013
  9.2150000e-003  5.7353515e+013
  9.2200000e-003  5.7357762e+013
  9.2250000e-003  5.7362019e+013
  9.2300000e-003  5.7366286e+013
  9.2350000e-003  5.7370564e+013
  9.2400000e-003  5.7374852e+013
  9.2450000e-003  5.7379150e+013
  9.2500000e-003  5.7383459e+013
  9.2550000e-003  5.7387778e+013
  9.2600000e-003  5.7392108e+013
  9.2650000e-003  5.7396447e+013
  9.2700000e-003  5.7400797e+013
  9.2750000e-003  5.7405157e+013
  9.2800000e-003  5.7409527e+013
  9.2850000e-003  5.7413908e+013
  9.2900000e-003  5.7418298e+013
  9.2950000e-003  5.7422699e+013
  9.3000000e-003  5.7427109e+013
  9.3050000e-003  5.7431530e+013
  9.3100000e-003  5.7435961e+013
  9.3150000e-003  5.7440401e+013
  9.3200000e-003  5.7444852e+013
  9.3250000e-003  5.7449313e+013
  9.3300000e-003  5.7453783e+013
  9.3350000e-003  5.7458264e+013
  9.3400000e-003  5.7462754e+013
  9.3450000e-003  5.7467254e+013
  9.3500000e-003  5.7471764e+013
  9.3550000e-003  5.7476284e+013
  9.3600000e-003  5.7480813e+013
  9.3650000e-003  5.7485353e+013
  9.3700000e-003  5.7489902e+013
  9.3750000e-003  5.7494460e+013
  9.3800000e-003  5.7499029e+013
  9.3850000e-003  5.7503607e+013
  9.3900000e-003  5.7508195e+013
  9.3950000e-003  5.7512792e+013
  9.4000000e-003  5.7517399e+013
  9.4050000e-003  5.7522015e+013
  9.4100000e-003  5.7526642e+013
  9.4150000e-003  5.7531277e+013
  9.4200000e-003  5.7535922e+013
  9.4250000e-003  5.7540577e+013
  9.4300000e-003  5.7545241e+013
  9.4350000e-003  5.7549914e+013
  9.4400000e-003  5.7554597e+013
  9.4450000e-003  5.7559289e+013
  9.4500000e-003  5.7563991e+013
  9.4550000e-003  5.7568702e+013
  9.4600000e-003  5.7573422e+013
  9.4650000e-003  5.7578152e+013
  9.4700000e-003  5.7582890e+013
  9.4750000e-003  5.7587638e+013
  9.4800000e-003  5.7592396e+013
  9.4850000e-003  5.7597162e+013
  9.4900000e-003  5.7601938e+013
  9.4950000e-003  5.7606723e+013
  9.5000000e-003  5.7611517e+013
  9.5050000e-003  5.7616320e+013
  9.5100000e-003  5.7621132e+013
  9.5150000e-003  5.7625953e+013
  9.5200000e-003  5.7630784e+013
  9.5250000e-003  5.7635623e+013
  9.5300000e-003  5.7640471e+013
  9.5350000e-003  5.7645329e+013
  9.5400000e-003  5.7650195e+013
  9.5450000e-003  5.7655070e+013
  9.5500000e-003  5.7659954e+013
  9.5550000e-003  5.7664847e+013
  9.5600000e-003  5.7669749e+013
  9.5650000e-003  5.7674660e+013
  9.5700000e-003  5.7679580e+013
  9.5750000e-003  5.7684508e+013
  9.5800000e-003  5.7689445e+013
  9.5850000e-003  5.7694391e+013
  9.5900000e-003  5.7699346e+013
  9.5950000e-003  5.7704309e+013
  9.6000000e-003  5.7709282e+013
  9.6050000e-003  5.7714263e+013
  9.6100000e-003  5.7719252e+013
  9.6150000e-003  5.7724250e+013
  9.6200000e-003  5.7729257e+013
  9.6250000e-003  5.7734272e+013
  9.6300000e-003  5.7739296e+013
  9.6350000e-003  5.7744329e+013
  9.6400000e-003  5.7749370e+013
  9.6450000e-003  5.7754419e+013
  9.6500000e-003  5.7759478e+013
  9.6550000e-003  5.7764544e+013
  9.6600000e-003  5.7769619e+013
  9.6650000e-003  5.7774703e+013
  9.6700000e-003  5.7779794e+013
  9.6750000e-003  5.7784895e+013
  9.6800000e-003  5.7790003e+013
  9.6850000e-003  5.7795120e+013
  9.6900000e-003  5.7800246e+013
  9.6950000e-003  5.7805379e+013
  9.7000000e-003  5.7810521e+013
  9.7050000e-003  5.7815671e+013
  9.7100000e-003  5.7820830e+013
  9.7150000e-003  5.7825997e+013
  9.7200000e-003  5.7831171e+013
  9.7250000e-003  5.7836355e+013
  9.7300000e-003  5.7841546e+013
  9.7350000e-003  5.7846745e+013
  9.7400000e-003  5.7851953e+013
  9.7450000e-003  5.7857169e+013
  9.7500000e-003  5.7862392e+013
  9.7550000e-003  5.7867624e+013
  9.7600000e-003  5.7872864e+013
  9.7650000e-003  5.7878112e+013
  9.7700000e-003  5.7883368e+013
  9.7750000e-003  5.7888632e+013
  9.7800000e-003  5.7893904e+013
  9.7850000e-003  5.7899184e+013
  9.7900000e-003  5.7904472e+013
  9.7950000e-003  5.7909768e+013
  9.8000000e-003  5.7915071e+013
  9.8050000e-003  5.7920383e+013
  9.8100000e-003  5.7925702e+013
  9.8150000e-003  5.7931030e+013
  9.8200000e-003  5.7936365e+013
  9.8250000e-003  5.7941708e+013
  9.8300000e-003  5.7947058e+013
  9.8350000e-003  5.7952417e+013
  9.8400000e-003  5.7957783e+013
  9.8450000e-003  5.7963157e+013
  9.8500000e-003  5.7968539e+013
  9.8550000e-003  5.7973928e+013
  9.8600000e-003  5.7979325e+013
  9.8650000e-003  5.7984730e+013
  9.8700000e-003  5.7990142e+013
  9.8750000e-003  5.7995562e+013
  9.8800000e-003  5.8000990e+013
  9.8850000e-003  5.8006425e+013
  9.8900000e-003  5.8011868e+013
  9.8950000e-003  5.8017318e+013
  9.9000000e-003  5.8022776e+013
  9.9050000e-003  5.8028241e+013
  9.9100000e-003  5.8033714e+013
  9.9150000e-003  5.8039194e+013
  9.9200000e-003  5.8044682e+013
  9.9250000e-003  5.8050177e+013
  9.9300000e-003  5.8055680e+013
  9.9350000e-003  5.8061190e+013
  9.9400000e-003  5.8066707e+013
  9.9450000e-003  5.8072232e+013
  9.9500000e-003  5.8077764e+013
  9.9550000e-003  5.8083304e+013
  9.9600000e-003  5.8088850e+013
  9.9650000e-003  5.8094404e+013
  9.9700000e-003  5.8099966e+013
  9.9750000e-003  5.8105534e+013
  9.9800000e-003  5.8111110e+013
  9.9850000e-003  5.8116693e+013
  9.9900000e-003  5.8122284e+013
  9.9950000e-003  5.8127881e+013
  1.0000000e-002  5.8133486e+013
